CM057397.1
1 93
35568 35667
35768 35882
190719 190792
190893 191001
308926 309145
315625 315775
328622 328862
359481 359587
359688 359756
511707 511770
511871 512008
690673 690896
690997 691190
765287 765356
765457 765657
974129 974381
1262498 1262664
1262765 1262866
1264953 1266091
1268854 1268914
1278607 1278980
1346107 1346175
1346276 1346399
1409288 1409357
1409458 1409524
1457739 1457870
1460322 1460429
1460530 1460799
1466513 1466796
1479434 1479497
1482540 1482704
1500426 1500561
1502028 1502234
1650095 1650160
1666057 1666360
1667458 1667657
1668507 1668660
1731810 1731921
1732022 1732112
1988486 1988626
2241032 2241098
2247523 2247936
2253001 2253565
2576817 2576960
2716754 2716897
2716998 2717105
3058767 3058860
3058961 3059074
3073046 3073099
3080348 3080531
3296252 3296360
3378311 3378392
3513884 3514026
3575043 3575125
3575226 3575343
3645890 3647546
3647647 3647765
3656097 3658563
3703125 3703215
3703316 3703412
3705207 3705413
3705514 3705697
3870970 3871036
3873358 3873583
3913891 3913988
3914089 3914260
3977861 3978067
3978168 3978277
4022403 4022461
4022562 4022749
4215454 4215660
4215761 4215872
4354371 4354519
4495990 4496135
4496236 4496361
4498374 4498506
4534192 4534271
4535960 4536077
4546872 4546987
4578524 4578602
4660120 4660342
4680276 4680335
4693352 4693424
4693525 4693574
4822314 4822380
4822481 4822582
4826371 4826546
4833249 4833604
4870540 4870613
4889820 4890140
4897819 4897926
4901323 4901648
4903433 4904177
4905604 4905731
4911454 4912055
4916057 4916907
4926850 4927515
4929183 4929480
4939278 4940010
4941627 4941920
4955419 4956531
4960226 4960347
4960448 4960561
4981526 4982159
4988057 4988300
4988401 4988576
4989864 4990072
5038943 5039054
5051237 5051338
5056766 5057079
5063540 5064413
5069832 5070258
CM057398.1
20370 20535
108453 108623
129919 129974
204850 204990
306721 306913
307014 307201
432204 432290
527256 527469
527570 527637
578806 578952
849871 850011
1067376 1067623
1071934 1072461
1074813 1075293
1085279 1089731
1093775 1095178
1101372 1102232
1112828 1113822
1116321 1119867
1132277 1132542
1157904 1157997
1167773 1167859
1228446 1228584
1231415 1231537
1301847 1301899
1302000 1302151
1305700 1305775
1305876 1305939
1456663 1456769
1456870 1456930
1701556 1701661
1786254 1786827
1787548 1787598
1877261 1877523
1877624 1877739
2139563 2139772
2139873 2140219
2146987 2147093
2231160 2231358
2241596 2241968
2242816 2242899
2243000 2243218
2246427 2246599
2249762 2249880
2252619 2252832
2266540 2266658
2266759 2266877
2377010 2377071
2377172 2377252
2382770 2382853
2635542 2635825
2674307 2674514
2674615 2674699
2704769 2704854
2723476 2723563
2803997 2804121
2804222 2804856
2958689 2959097
3015065 3015152
3028159 3028356
3280024 3280163
3329757 3329971
3385096 3385237
3385338 3385550
3516749 3517143
3596588 3596778
3596879 3596962
3608776 3609753
3645990 3646412
3676190 3676308
4008162 4008237
4053026 4053149
4153242 4153492
4154321 4154423
4155461 4155528
4157654 4157791
4161307 4161599
4167934 4168195
4184287 4184403
4188805 4189100
4207396 4207532
4215350 4215469
4219746 4219928
4220029 4220183
4327147 4327259
4443126 4443186
4452377 4452506
4454924 4455106
4553820 4553887
4553988 4554083
4570851 4571300
4571401 4571465
4611579 4611697
4611798 4611938
4656938 4657014
4657115 4657266
4832253 4832478
4927049 4927189
5021314 5021399
5021500 5021689
5219446 5219531
5271943 5272122
5277480 5277595
5344256 5344450
5352436 5352488
5505854 5506291
5506392 5506653
5510318 5510371
5614537 5614712
5632680 5632850
5840729 5840841
5840942 5841035
5847331 5847399
5847500 5847582
5888797 5889033
6046980 6047189
6091515 6091597
6091698 6091816
6230172 6230293
6410358 6410569
6508798 6508982
6679945 6680078
6748480 6748553
6748654 6748713
6808626 6808733
6808834 6808918
6832256 6832396
6947826 6947915
6994924 6994980
6995081 6995184
7015186 7015240
7016677 7016839
7022885 7023180
7143119 7143215
7388597 7388769
7627777 7628146
7628247 7628297
7822446 7822671
7871716 7871904
7872005 7872080
7916706 7916829
7916930 7917043
7942328 7942424
7942525 7942612
8247102 8247381
8285486 8285656
8298785 8298987
8299088 8300034
8381796 8381876
8381977 8382095
8386600 8386711
8390607 8391062
8391768 8392792
8395726 8396792
8468341 8468489
8468590 8468675
8714335 8714618
8714719 8714816
8774684 8774818
8774919 8775062
8862818 8862958
8863059 8863210
8869629 8869699
8886969 8887046
8921491 8921574
9116758 9116832
9116933 9116985
9128162 9128533
9195740 9197334
9200576 9200707
9201800 9202221
9204950 9205284
CM057399.1
1 89
221816 222107
257526 257612
257713 258805
258906 259228
591638 591708
597062 597189
597290 597490
745728 745815
745916 746087
912072 912260
1169270 1169359
1169460 1169529
1194714 1194854
1206350 1206569
1235355 1235617
1235718 1235936
1364558 1364823
1428171 1428451
1428552 1428618
1461522 1461602
1461703 1461959
1749089 1749162
1962118 1962213
2333165 2333261
2342257 2342306
2361674 2361885
2377373 2377613
2380265 2381277
2394764 2395074
2399054 2399871
2500361 2500574
2522725 2522851
2541798 2541882
2541983 2542086
2738719 2738843
2738944 2738997
2903078 2903223
2903324 2903418
3053801 3053850
3053951 3054076
3069132 3069920
3070519 3070636
3184516 3184644
3221646 3221733
3221834 3221921
3274590 3274822
3274923 3275061
3384452 3384902
3425575 3425769
3425870 3426031
3439154 3439261
3570151 3570324
3571114 3571186
3585444 3585508
3585609 3585670
3672767 3673056
3673157 3673279
3816306 3816395
3860206 3860324
3861363 3861503
3863367 3863507
3864144 3864218
3866924 3867064
3903174 3903314
3914845 3915101
3984074 3984153
4019755 4019962
4033654 4033868
4408310 4408433
4703297 4704956
4705057 4705145
CM057400.1
1 1396
49090 49254
49355 49724
59535 59653
287096 287212
287313 287364
451108 451242
452110 452901
453719 453842
453943 454062
561259 561511
726433 726533
726634 726695
832214 832451
832552 832618
1091228 1091288
1091389 1091505
1094564 1095675
1107557 1108313
1122882 1122970
1147366 1147818
1185251 1185391
1232891 1233069
1242915 1242993
1257532 1257862
1571822 1572025
1616022 1616162
1951659 1951777
1951878 1952086
1964913 1965005
2018284 2018356
2137164 2137977
2142958 2143339
2340955 2341277
2342540 2342606
2351040 2351233
2407406 2407836
2497424 2497504
2568512 2569214
2579219 2579301
2822546 2822607
2836458 2836726
2847925 2847978
2848079 2848162
2849092 2849274
CM057401.1
107222 107338
112241 112352
225243 225343
225444 225603
276557 276661
276762 276849
282822 282903
283004 283098
310274 310324
335841 335922
336164 336237
375688 375804
594571 594797
612116 612233
612334 612471
626178 626565
872751 872987
874765 877890
880037 881943
886330 886791
901660 901778
901879 902709
1065844 1065972
1066073 1066187
1136064 1136175
1136276 1136431
1235594 1235714
1235815 1235864
1254642 1254724
1263801 1263872
1616444 1616538
1617327 1617557
1640350 1640437
1807198 1807309
1857914 1858076
1858177 1858309
1864756 1864846
1884019 1884116
1884651 1885914
1940874 1941575
1953303 1955442
1956927 1957648
1958177 1958634
1965174 1965238
1966839 1967824
1971097 1971451
1973759 1974445
1985054 1985422
1985523 1989941
1991566 1991803
2000470 2003077
2005493 2009364
2089099 2089207
2173893 2173970
2174071 2174169
2182402 2182527
2198192 2198444
2198545 2198632
2255297 2255490
2473930 2473982
2484234 2484316
2484417 2484912
2491542 2491629
2559568 2559651
2575332 2575419
2630174 2630279
2639538 2639626
2690952 2691134
2834293 2834388
2834489 2834696
2899961 2900179
2967197 2967284
2967385 2967485
2973917 2973991
2974092 2974163
2996165 2996251
2996352 2996425
3459646 3459728
3600737 3600872
3639169 3639268
3658061 3658261
3819263 3820053
3860640 3860777
3866084 3866923
3868061 3868155
4074501 4074641
4103832 4104037
4104138 4104215
4150747 4150823
4168353 4168427
4170582 4170659
4170760 4170836
4187213 4187284
4690616 4690786
4695803 4696047
4917225 4917379
4917480 4917728
5040999 5041183
5052544 5052942
5053043 5053130
5287993 5288071
5290944 5291177
CM057402.1
1 1365
137365 138176
168412 168517
256076 256219
256320 256460
656575 656778
1031142 1031284
1031385 1031658
1044762 1044900
1118391 1118458
1166889 1166980
1167081 1167632
1249257 1249391
1249492 1249600
1268243 1268766
1270644 1270939
1273804 1273944
1276438 1277076
1328364 1329221
1349968 1350944
1421411 1421683
1430715 1430782
1433963 1434083
1434184 1434305
1468114 1468184
1468285 1468518
1652224 1652655
1652756 1652950
1733377 1733506
1825147 1825230
1838918 1839036
1869477 1869532
1874879 1874928
1952102 1952188
1955662 1955749
1974886 1974969
2044738 2044848
2065389 2065633
2065734 2065800
2171982 2172099
2338228 2338327
2338428 2338554
2349587 2349770
2374358 2374448
2390788 2390870
2410195 2410279
2412817 2412901
2415327 2415552
2415653 2415780
2454409 2454588
2456526 2456593
2456694 2456787
2559778 2559877
2559978 2560194
2599786 2599894
2599995 2600067
2800049 2800189
3005928 3006042
3187247 3187450
3259581 3259635
3259736 3259791
3316111 3316224
3316325 3316400
3319675 3319781
3418451 3418523
3420519 3421463
3447795 3448001
3538754 3538970
3644449 3644644
3644745 3644864
3844372 3844548
3957343 3957660
4084978 4085096
4085922 4086083
4087975 4088332
4159621 4159799
4301427 4301517
4333298 4333929
CM057403.1
1 232
179933 180040
184301 184414
186400 186455
187020 187284
188732 188972
189073 189270
277749 278040
315945 316103
316204 316448
343509 343593
348664 348786
366752 366839
384738 384824
390621 390705
438820 438879
485568 485657
494761 494846
521442 521534
542619 542706
558630 558713
601911 601990
638512 638771
665365 665456
693455 693510
814913 815263
815364 815851
937655 937785
937886 937943
968114 968438
969331 969599
969700 969953
994108 994248
1044758 1044812
1044913 1045209
1083059 1083264
1173633 1173912
1180889 1181220
1287161 1288028
1289300 1290433
1293204 1294898
1297312 1297772
1304905 1305292
1306546 1307151
1310477 1310592
1312750 1315400
1343706 1343949
1347537 1348614
1353199 1353636
1359325 1360310
1370065 1370586
1372839 1375149
1521112 1521165
1526837 1526894
CM057404.1
2580 3042
3143 3322
4446 5244
7771 7905
8006 8109
18094 18343
27634 27816
45162 45246
147239 147325
279639 280078
280179 280319
437032 437656
575766 575993
596576 596643
608336 608390
615466 615772
628261 628485
635010 635092
673761 673833
673934 674207
696643 697532
698017 698159
699898 699968
704985 709078
711570 712261
774306 774436
774537 774613
966808 966894
1039335 1039437
1039538 1039751
1054346 1054472
1060730 1061786
1061887 1062060
1090698 1090838
1091966 1092106
1132072 1132215
1157733 1157825
1157926 1157987
1210513 1210599
JARFXW010000011.1
8359 8691
8792 13903
14004 41814
42430 42653
42754 42894
45722 45862
46117 46939
60001 60742
JARFXW010000101.1
1 150
7950 8070
JARFXW010000102.1
1 123
1497 1615
JARFXW010000103.1
1 412
JARFXW010000104.1
1 1964
JARFXW010000105.1
1 1289
JARFXW010000106.1
1 1038
JARFXW010000107.1
1 2449
JARFXW010000108.1
JARFXW010000109.1
1 6189
JARFXW010000110.1
1 1259
JARFXW010000012.1
JARFXW010000111.1
JARFXW010000112.1
1 1100
JARFXW010000113.1
1 2105
JARFXW010000114.1
1 15980
JARFXW010000115.1
980 1611
JARFXW010000116.1
1 1324
JARFXW010000117.1
1 1605
JARFXW010000118.1
JARFXW010000119.1
1 1026
JARFXW010000120.1
1 1013
JARFXW010000013.1
1 102
1507 1779
3350 9510
10034 11596
11697 16126
16227 17435
17536 18466
22570 24719
26806 30689
30790 34799
JARFXW010000121.1
1 437
JARFXW010000122.1
8846 9247
JARFXW010000123.1
1 3533
JARFXW010000124.1
1 51
7542 7660
JARFXW010000125.1
1 1668
JARFXW010000126.1
1 2640
JARFXW010000127.1
1 65
JARFXW010000128.1
1 2006
JARFXW010000129.1
1 1120
JARFXW010000130.1
1 2661
JARFXW010000014.1
17839 17959
25550 25664
JARFXW010000131.1
1 5566
JARFXW010000132.1
97 183
JARFXW010000133.1
142 1871
JARFXW010000134.1
453 714
1395 1604
3305 3445
JARFXW010000135.1
1 1862
2830 5417
JARFXW010000136.1
813 1090
JARFXW010000137.1
1 1642
JARFXW010000138.1
1 3432
JARFXW010000139.1
1 1719
JARFXW010000140.1
1 787
1432 1643
JARFXW010000015.1
23691 23815
28576 28867
36866 37179
JARFXW010000141.1
1 225
3103 3351
9007 9777
JARFXW010000142.1
1 651
JARFXW010000143.1
1 385
1124 1237
JARFXW010000144.1
1 957
1116 1670
JARFXW010000145.1
1 55
653 1621
JARFXW010000146.1
1 134
982 1346
JARFXW010000147.1
296 2435
JARFXW010000148.1
1 1021
JARFXW010000149.1
1 1062
JARFXW010000150.1
1 2180
2593 2863
JARFXW010000016.1
1 4018
4354 4597
6423 18452
22824 33392
33493 63080
JARFXW010000151.1
1 731
JARFXW010000152.1
JARFXW010000153.1
1 1777
JARFXW010000154.1
JARFXW010000155.1
1 2175
8217 10103
12237 14647
17072 17321
18066 24592
26292 26682
JARFXW010000156.1
1 233
1085 4748
JARFXW010000157.1
1 1908
JARFXW010000158.1
1 1547
2716 2962
JARFXW010000159.1
1048 1192
JARFXW010000160.1
1 1536
JARFXW010000017.1
1 2358
12717 12990
JARFXW010000161.1
1 308
819 1213
1461 1601
JARFXW010000162.1
1 1451
JARFXW010000163.1
1 1138
JARFXW010000164.1
1 1204
JARFXW010000165.1
1 1242
JARFXW010000166.1
1 2687
JARFXW010000167.1
1 1142
JARFXW010000168.1
1 2836
JARFXW010000169.1
1 300
JARFXW010000170.1
1405 1523
JARFXW010000018.1
3938 4086
4187 5045
5596 6037
6158 9528
JARFXW010000171.1
1 1193
JARFXW010000172.1
2520 3161
JARFXW010000173.1
1445 1572
JARFXW010000174.1
1 1420
JARFXW010000175.1
1 1305
JARFXW010000176.1
1 4223
JARFXW010000177.1
1 228
JARFXW010000178.1
1 83
690 1615
JARFXW010000179.1
1 141
757 2001
JARFXW010000180.1
1 1610
JARFXW010000019.1
1 1612
2397 2601
JARFXW010000181.1
1 1148
JARFXW010000182.1
1 2102
JARFXW010000183.1
1 185
776 962
JARFXW010000184.1
1 1719
2791 2866
JARFXW010000185.1
1 2091
JARFXW010000186.1
1 3362
JARFXW010000187.1
1 524
1179 1382
1943 2115
JARFXW010000188.1
1 977
JARFXW010000189.1
1 124
10883 10984
JARFXW010000190.1
1 140
1380 1520
JARFXW010000020.1
1 267
419 2100
3826 4081
4182 62202
JARFXW010000191.1
1 1302
JARFXW010000192.1
JARFXW010000193.1
1 1451
JARFXW010000194.1
1 1098
JARFXW010000195.1
1 1359
JARFXW010000196.1
1668 1898
JARFXW010000197.1
1 365
3174 3292
JARFXW010000198.1
1 365
3145 3263
JARFXW010000199.1
1 16928
JARFXW010000200.1
1 1205
JARFXW010000021.1
82794 82975
JARFXW010000201.1
1 108
765 2318
2591 2931
JARFXW010000202.1
1 1766
JARFXW010000203.1
1089 1517
JARFXW010000204.1
1 119
JARFXW010000205.1
1 365
JARFXW010000206.1
1 1061
1629 3867
4478 5077
9231 9321
11776 12105
14159 14297
JARFXW010000207.1
1 752
JARFXW010000208.1
1 65
836 1004
JARFXW010000209.1
1764 1892
JARFXW010000210.1
1 1555
JARFXW010000022.1
2751 4192
JARFXW010000211.1
1 111
1671 1772
JARFXW010000212.1
1 1214
JARFXW010000213.1
1 1199
JARFXW010000214.1
1 1073
JARFXW010000215.1
1 380
2149 2227
4884 5024
JARFXW010000216.1
1 1825
JARFXW010000217.1
1199 1339
JARFXW010000218.1
1 141
1391 1722
JARFXW010000219.1
1 2374
JARFXW010000220.1
1 2003
JARFXW010000023.1
2096 2458
3049 9591
11344 11484
11585 11725
12468 24128
JARFXW010000221.1
1 1185
JARFXW010000222.1
1 1269
JARFXW010000223.1
1 1345
JARFXW010000224.1
1 248
JARFXW010000225.1
1 3237
3325 3940
JARFXW010000226.1
1 78
JARFXW010000227.1
1 9848
21780 22141
26018 74990
75568 79649
116263 116446
JARFXW010000228.1
1 1268
JARFXW010000229.1
1 1141
JARFXW010000230.1
1 1437
JARFXW010000024.1
1 141
1713 1877
1978 2976
12795 12886
JARFXW010000231.1
1 534
1014 1154
JARFXW010000232.1
JARFXW010000233.1
1 119
8819 11848
15305 15414
18173 18590
JARFXW010000234.1
5533 5662
JARFXW010000235.1
1 505
6404 6674
7520 7678
JARFXW010000236.1
1 2720
JARFXW010000237.1
1 70
5984 6490
JARFXW010000238.1
1 131
725 1110
JARFXW010000239.1
1 1491
JARFXW010000240.1
1 608
JARFXW010000025.1
1 141
1146 1286
JARFXW010000241.1
2396 4114
JARFXW010000242.1
1 1471
JARFXW010000243.1
JARFXW010000244.1
1 337
720 1387
JARFXW010000245.1
1 1360
JARFXW010000246.1
1 62
8014 8265
9790 10001
JARFXW010000247.1
665 1415
JARFXW010000248.1
1 1087
JARFXW010000249.1
1 1121
JARFXW010000250.1
1 61
1674 1736
3550 3642
JARFXW010000026.1
1 1378
9270 9436
JARFXW010000251.1
1265 1383
JARFXW010000252.1
1 141
8532 8683
JARFXW010000253.1
1 471
613 2047
JARFXW010000254.1
1 2019
JARFXW010000255.1
1 537
JARFXW010000256.1
1 111
624 1352
JARFXW010000257.1
1 119
646 1010
JARFXW010000258.1
1 752
1702 1756
JARFXW010000259.1
1 2042
JARFXW010000260.1
1 119
JARFXW010000027.1
1 207
5508 5562
JARFXW010000261.1
1 1496
JARFXW010000262.1
1 1246
JARFXW010000263.1
1 247
1802 2096
JARFXW010000264.1
1 591
JARFXW010000265.1
1 1010
1432 1906
JARFXW010000266.1
1 1261
1610 1838
JARFXW010000267.1
1 388
1647 2239
JARFXW010000268.1
1 1139
JARFXW010000269.1
1803 2097
JARFXW010000270.1
1 1414
JARFXW010000028.1
1 119
1010 1105
19375 20112
JARFXW010000271.1
1 1232
JARFXW010000272.1
903 1021
JARFXW010000273.1
1 142
JARFXW010000274.1
1 1033
JARFXW010000275.1
1 141
525 713
JARFXW010000276.1
1 1200
JARFXW010000277.1
1 1339
JARFXW010000278.1
1 751
1181 1321
JARFXW010000279.1
1 24914
JARFXW010000280.1
1 130
6085 8408
JARFXW010000029.1
3930 4082
4183 4311
10519 10617
11708 12315
12896 13384
14880 14998
15099 15655
33768 33880
JARFXW010000281.1
1 1422
JARFXW010000282.1
1 58
JARFXW010000283.1
1 1787
JARFXW010000284.1
1 1537
JARFXW010000285.1
1 1206
JARFXW010000286.1
358 1106
JARFXW010000287.1
1 2000
JARFXW010000288.1
1 2217
JARFXW010000289.1
1 5093
JARFXW010000290.1
1 2461
3055 3971
JARFXW010000030.1
8345 8573
8674 8953
33798 33939
44631 44709
45731 45914
51031 55074
JARFXW010000291.1
1 2864
JARFXW010000292.1
1 201
3651 4346
JARFXW010000293.1
1 562
JARFXW010000294.1
646 2215
JARFXW010000295.1
1484 1669
JARFXW010000296.1
1 1526
JARFXW010000297.1
1 1415
JARFXW010000298.1
1 1806
JARFXW010000299.1
1 1233
JARFXW010000300.1
1 665
JARFXW010000031.1
1 119
5015 5626
44172 44228
44329 44639
46207 46685
JARFXW010000301.1
1 3055
JARFXW010000302.1
1 1007
JARFXW010000303.1
1 2014
JARFXW010000304.1
1 1873
JARFXW010000305.1
1 64
1398 1933
JARFXW010000306.1
1 1889
JARFXW010000307.1
JARFXW010000308.1
1 1084
JARFXW010000309.1
JARFXW010000310.1
1 1416
JARFXW010000032.1
1 700
2162 2443
3538 3739
7770 8508
13622 14062
21805 22533
25652 27612
36516 37596
42687 43995
50250 51007
68500 72038
73492 74547
75568 75638
JARFXW010000311.1
1 141
1297 1627
JARFXW010000312.1
1435 1585
3298 5141
JARFXW010000313.1
1 1049
JARFXW010000314.1
1815 3170
JARFXW010000315.1
1 3113
JARFXW010000316.1
1 1483
JARFXW010000317.1
1 1073
JARFXW010000318.1
1 1258
1851 2316
4638 4907
5674 5831
JARFXW010000319.1
1 1148
JARFXW010000320.1
1 1298
JARFXW010000033.1
JARFXW010000321.1
1 68
6383 6452
JARFXW010000322.1
1 330
5903 6110
JARFXW010000323.1
1 57
902 1042
JARFXW010000324.1
1 801
JARFXW010000325.1
1 1391
JARFXW010000326.1
1 688
5390 5530
JARFXW010000327.1
1 5269
JARFXW010000328.1
1 788
968 1382
3593 3852
JARFXW010000329.1
1 834
1769 1851
JARFXW010000330.1
1 1429
JARFXW010000034.1
1 119
16224 16397
24446 24583
25221 25584
56269 56907
57006 57146
58770 58820
JARFXW010000331.1
1 141
539 1055
JARFXW010000332.1
1 1371
JARFXW010000333.1
1 141
597 756
4140 4505
5429 5835
JARFXW010000334.1
1 72
4312 4436
JARFXW010000335.1
1 966
JARFXW010000336.1
1 1004
JARFXW010000337.1
1 1131
JARFXW010000338.1
1 1491
JARFXW010000339.1
1 1146
JARFXW010000340.1
1042 1154
JARFXW010000035.1
991 1109
9426 9609
11543 11683
JARFXW010000036.1
1 119
883 1160
1261 1379
10284 10710
11431 11519
18066 18184
19820 21164
22259 24660
JARFXW010000037.1
1 1372
5101 6726
6827 21025
JARFXW010000038.1
1 880
1119 19922
20023 20249
20994 21112
21213 21524
23477 23635
25405 25482
26115 26311
26412 26530
28783 30001
30102 31189
31290 31558
JARFXW010000039.1
6165 6559
24044 24921
25022 25872
26468 26956
27057 27280
29157 29412
30352 31258
31359 31830
32530 32808
34966 35064
35165 35617
36507 36608
36709 37834
38658 38966
40200 40474
40575 41729
41830 44778
48030 48484
48585 52111
JARFXW010000040.1
1 29161
43299 43404
JARFXW010000041.1
3148 3399
3500 3651
27303 27370
35883 36001
36102 39803
39904 39981
40363 40957
41058 42177
42278 43296
46630 46831
JARFXW010000042.1
2568 2687
5305 5445
JARFXW010000043.1
1 514
1623 2366
7537 8327
8428 9115
9788 9876
16797 17472
19869 20930
21031 21251
27919 27975
28634 28732
28833 31056
36539 36652
37724 38891
38992 42033
JARFXW010000044.1
1 141
6551 6658
JARFXW010000045.1
12403 12960
34013 34226
JARFXW010000046.1
5492 5596
5697 6696
6797 7916
JARFXW010000047.1
1 1067
3118 3193
3294 7517
7618 7829
21149 21218
JARFXW010000048.1
1 119
21797 21978
JARFXW010000049.1
1 2981
3423 4987
5088 6116
8105 10161
10262 10381
11105 11215
11775 11915
JARFXW010000050.1
1 297
1327 1445
JARFXW010000051.1
5264 5799
5900 6960
7061 9580
JARFXW010000052.1
1 379
2628 3633
4643 4820
8396 8526
9944 10627
11309 11394
JARFXW010000053.1
1 1478
JARFXW010000054.1
1 4246
4347 12278
JARFXW010000055.1
1 1105
1676 17008
JARFXW010000056.1
JARFXW010000057.1
1 1272
4620 4749
JARFXW010000058.1
1 2366
2467 3219
4018 10071
JARFXW010000059.1
1 3508
JARFXW010000060.1
1 103
51147 52120
55839 56081
JARFXW010000061.1
1 125
4340 4415
24769 25673
51594 52021
57686 58078
59905 63019
67797 68017
JARFXW010000062.1
1 31973
32505 32645
JARFXW010000063.1
1 1358
1459 2856
JARFXW010000064.1
1 470
6499 6867
JARFXW010000065.1
2917 3353
4685 4782
JARFXW010000066.1
1 116
6112 7075
JARFXW010000067.1
1 588
933 1289
2963 3103
JARFXW010000068.1
1 188
1787 2736
2837 7098
9209 9757
JARFXW010000069.1
1 141
499 768
2517 2773
3687 3805
JARFXW010000070.1
JARFXW010000071.1
1149 1893
JARFXW010000072.1
1 1379
3249 3389
4365 4491
4592 6621
7124 7244
9416 9653
10080 10506
JARFXW010000073.1
1 1649
1750 1876
10901 10955
JARFXW010000074.1
1 91
JARFXW010000075.1
1 1249
1350 3264
3365 4776
JARFXW010000076.1
1 1404
1505 6735
7012 9559
14139 14750
JARFXW010000077.1
1 2091
JARFXW010000078.1
1 140
2409 2554
6984 8100
12023 12118
17585 17720
JARFXW010000079.1
1 170
1587 8724
JARFXW010000080.1
7851 8367
JARFXW010000009.1
1 252
17213 17280
18042 18210
27771 28012
210933 211091
211733 211796
268429 268685
336949 337192
349569 349818
368627 368678
385880 386133
401096 401348
JARFXW010000081.1
1 170
1869 4047
6020 7053
7560 7708
JARFXW010000082.1
1996 2658
JARFXW010000083.1
1032 1162
JARFXW010000084.1
1 94
1144 1504
2189 2426
JARFXW010000085.1
1 8258
JARFXW010000086.1
1 481
2150 2552
4146 5020
5121 5610
6980 7105
JARFXW010000087.1
1 10859
JARFXW010000088.1
1 2464
4955 5053
JARFXW010000089.1
1 1130
1842 1965
JARFXW010000090.1
1137 1220
JARFXW010000010.1
1 50
9369 9767
18093 18211
18312 18432
65838 66193
66294 66400
271230 271496
289329 289443
302549 302624
318532 318626
JARFXW010000091.1
1 292
16825 17602
20371 20585
JARFXW010000092.1
1252 1451
31336 32037
38872 39086
41125 41183
41985 42578
46644 49260
JARFXW010000093.1
1 1964
4666 5504
JARFXW010000094.1
1 196
1760 2149
2598 2689
JARFXW010000095.1
98 1085
1186 2334
2435 4669
5554 6343
6444 6746
7382 7705
JARFXW010000096.1
2639 2897
3699 3785
9647 9732
JARFXW010000097.1
4369 5612
JARFXW010000098.1
1466 1681
JARFXW010000099.1
1 327
3127 3192
4639 4745
7414 7554
JARFXW010000100.1
1 2124
