CM057397.1
1 89
35583 35667
35768 47140
138952 146652
188905 190792
190893 195569
218355 226672
245946 246755
286491 300531
308470 308519
329756 332247
332348 334450
335765 337121
358008 359587
359688 359756
375705 376031
376188 376601
393275 395370
472037 478702
507994 510087
595032 595197
690673 690896
690997 691190
765289 765356
765457 765509
1112321 1115329
1233649 1234375
1262498 1262664
1262765 1262842
1278887 1278980
1346094 1346175
1346276 1346392
1409284 1409357
1409458 1409524
1422179 1448130
1457739 1457848
1532090 1532537
1586033 1590017
1610319 1611657
1611758 1613781
1649685 1667657
1667758 1667817
1728752 1731921
1732022 1732135
1988486 1988626
2163624 2168623
2253205 2253934
2295401 2295672
2490543 2495525
2519270 2539365
2576646 2576716
2576817 2576890
2716754 2716897
2716998 2717112
3058767 3058860
3059041 3063010
3070419 3082532
3099360 3108305
3149290 3159545
3172462 3181441
3254148 3254602
3295711 3296699
3386701 3388815
3483217 3488379
3508817 3513939
3519329 3520166
3535001 3537610
3636655 3636773
3643859 3647546
3647647 3659361
3665927 3665980
3703126 3703215
3703316 3703371
3705243 3705413
3705514 3705700
3862006 3870869
3870970 3890313
3913891 3913988
3914089 3914262
3977889 3978067
3978168 3978291
4022562 4022746
4135766 4143147
4145955 4151211
4215469 4215660
4215761 4215872
4277768 4278846
4496236 4496357
4498162 4498506
4513779 4514366
4516611 4527238
4534174 4534271
4535990 4536077
4536178 4537243
4546872 4546987
4578552 4578602
4693352 4693424
4822319 4822380
4822481 4822560
4826371 4826533
4870540 4870627
4901283 4901684
4903670 4903735
4910648 4911421
4911833 4911888
4912793 4914668
4931297 4932790
4936633 4953061
4955415 4955593
4957708 4960347
4960448 4961757
4966210 4968921
4969022 4970369
4988057 4988300
4988401 4988492
4989864 4990099
5038943 5039703
5047376 5061085
5061186 5078878
5090623 5091083
5092330 5092470
CM057398.1
108453 108623
131726 131900
151413 151477
205091 205231
306721 306913
307014 307201
381716 382223
527252 527469
578861 578952
849777 850011
1077172 1077377
1104541 1112172
1117053 1117278
1142046 1142314
1166003 1167757
1228446 1231537
1246276 1247961
1296680 1296844
1301826 1301899
1302000 1302151
1305700 1305775
1305876 1305952
1322408 1322993
1396070 1399163
1456663 1456769
1456870 1456930
1701556 1701689
1814521 1814725
1877271 1877523
1877624 1877739
2061448 2067790
2071309 2071432
2080349 2081755
2084378 2084649
2104683 2106276
2110774 2122435
2139561 2139772
2139873 2140219
2145833 2147093
2147194 2149914
2187901 2188668
2188831 2189115
2230371 2242899
2247017 2247396
2249981 2252072
2252619 2252832
2265683 2266658
2266759 2266899
2267056 2267264
2279580 2279861
2316429 2318707
2577942 2583507
2628496 2629176
2635162 2635441
2635542 2635911
2668427 2668908
2674137 2674514
2674615 2674885
2720806 2721296
2784239 2804121
2804222 2804444
2824983 2825060
2935757 2955043
3014935 3028336
3059980 3060538
3079358 3082758
3102918 3103360
3143601 3148764
3170461 3179241
3201368 3206500
3280024 3280163
3284277 3287177
3329413 3332959
3358932 3370992
3385108 3385237
3385338 3385523
3596879 3597021
3676190 3676309
3746247 3748295
3917036 3922976
3952377 3952632
3972373 3972748
3974792 3979991
3983677 3983808
4008147 4008237
4025927 4026304
4052860 4052925
4053026 4053254
4220029 4220188
4257583 4258265
4299609 4299679
4311150 4312159
4326934 4327046
4358696 4363633
4367366 4370200
4378565 4391612
4395276 4395615
4553820 4553887
4553988 4554083
4611557 4611697
4657115 4657216
4832253 4832453
4883862 4888917
4926808 4926948
5021323 5021399
5021500 5021701
5034099 5034795
5087964 5088302
5277595 5279099
5344256 5344450
5505917 5506291
5506392 5506575
5510472 5511822
5540354 5540441
5574292 5574478
5614351 5614436
5614537 5614632
5757384 5759790
5840731 5840841
5840942 5841035
5847331 5847399
5847500 5847586
5888814 5889033
5889134 5889185
6046980 6047154
6091515 6091597
6091698 6091816
6230172 6230293
6355517 6357390
6409007 6410257
6410358 6415144
6508798 6508982
6576662 6577397
6577495 6588727
6663571 6669557
6679945 6680078
6808618 6808733
6808834 6808934
6832015 6832155
6875222 6906351
6934777 6934885
6943213 6944349
6986558 6992128
6994916 6994980
6995081 6996358
7000819 7001322
7096029 7097692
7136430 7136812
7142953 7143018
7143119 7143215
7176580 7178589
7388347 7388496
7388597 7388769
7627938 7628146
7822446 7822671
7871716 7871904
7872005 7872080
7891863 7892770
7916706 7916829
7916930 7917040
7942328 7942424
7942525 7942622
7971181 7972094
8116736 8116949
8230461 8230786
8296312 8298987
8299088 8303371
8327578 8328838
8340286 8342794
8359832 8360052
8381977 8386731
8394724 8402364
8468347 8468489
8468590 8468696
8504941 8504996
8582798 8583329
8600438 8601521
8630842 8631267
8695256 8696400
8704963 8705439
8709868 8714618
8714719 8714915
8721544 8727244
8748635 8774818
8774919 8812003
8862216 8862958
8863059 8863271
8886970 8887046
8887147 8892095
8897353 8897722
8908741 8909340
8919499 8921470
8921597 8927639
8950809 8952139
9004322 9004692
9005476 9020042
9069265 9075718
9116274 9116832
9116933 9118622
9194277 9205284
CM057399.1
1 89
50583 52057
123642 126351
257535 257612
288228 288740
290354 290616
320345 322494
597122 597189
745718 745815
745916 746088
817977 843772
912042 912260
1169270 1169359
1169460 1169529
1206385 1206569
1235417 1235617
1235718 1235911
1461522 1461602
1461703 1461760
1524053 1525600
1625594 1625951
1630413 1630902
1644403 1644589
1707426 1707631
1845330 1849506
1962118 1962213
2366440 2366975
2390008 2392338
2414197 2414431
2500349 2500574
2515330 2515771
2522725 2522851
2541798 2541882
2541983 2542086
2728120 2728351
2741941 2750294
2761571 2764220
2769780 2775825
2795847 2802683
2807352 2807828
2808263 2809104
2903079 2903223
2903324 2903418
3003718 3003958
3053801 3053850
3053951 3054060
3221646 3221733
3221834 3221921
3274574 3274822
3274923 3275061
3425575 3425769
3425870 3426031
3439362 3439471
3570151 3570322
3672767 3673056
3673157 3673279
3804030 3804476
3860425 3860565
3861604 3861744
3862690 3862857
3863125 3863266
3866924 3867064
3903174 3904994
3979371 3983502
4019755 4019981
4033654 4033868
4112057 4114877
4476064 4476223
4532240 4532679
4593852 4594089
4596229 4601548
4604948 4609984
4612348 4614764
4627990 4628651
4701021 4704956
4705057 4705145
CM057400.1
1 2967
9241 46485
49355 59434
59535 123021
279672 287212
287313 289411
414798 414976
453728 453842
726447 726533
726634 726695
820167 820291
828692 832451
832552 834198
872014 872497
1091180 1091288
1095536 1095757
1122882 1122981
1147366 1147536
1155960 1156173
1185251 1185391
1232891 1233061
1242915 1242993
1257532 1257862
1298560 1298806
1501867 1502314
1616022 1616162
1860476 1862169
1951641 1951777
1964913 1965005
1965106 1965164
1968536 1991942
2018155 2028424
2036940 2037470
2042290 2053417
2134665 2137119
2137751 2149919
2233003 2234953
2236985 2259615
2407571 2407836
2514384 2518704
2568978 2569271
2581502 2581922
2614091 2617892
2751531 2769702
2779841 2785176
2785277 2806757
2827212 2833800
2844075 2847978
2848079 2849274
CM057401.1
1 1687
46383 46969
107221 107338
225243 225343
225444 225603
276553 276661
276762 276849
282822 282903
283004 283098
335834 335922
336023 336237
375688 375804
598688 599323
602800 603160
606293 612233
612334 612481
702279 702652
778776 784740
819300 821629
863205 863556
871975 901778
901879 910625
943627 944203
950060 950293
960387 960781
1065881 1065972
1066073 1066224
1136064 1136175
1235582 1235714
1253952 1264878
1319753 1319829
1346037 1348112
1354621 1362149
1402215 1402902
1617327 1617557
1857942 1858076
1858177 1858309
1884019 1884117
1951417 1951688
1976195 1983829
1985297 1985422
1985523 1992240
2095770 2097313
2139231 2146490
2150029 2150219
2173893 2173970
2174071 2174165
2198161 2198444
2198545 2198632
2246749 2250035
2255297 2255490
2484239 2484316
2484417 2484857
2534850 2540877
2630174 2630279
2639690 2665499
2690972 2691134
2834289 2834388
2834489 2834696
2899961 2900174
2967197 2967284
2967385 2967497
2973906 2973991
2974092 2974211
2996352 2996407
3059363 3062441
3086212 3086752
3263290 3266511
3302692 3303534
3306702 3307456
3469222 3469346
3500888 3504551
3576165 3578378
3587275 3588264
3639169 3639268
3658118 3658261
3658362 3658498
3719975 3720724
3808686 3808989
3825619 3825822
3837328 3837433
3847284 3867960
3919935 3924224
4074501 4074641
4103850 4104037
4104138 4104227
4174590 4175026
4274424 4274934
4733336 4733464
4832811 4833129
4915804 4917379
4917480 4917679
4990809 4996542
5005070 5007522
5022656 5022854
5052873 5052942
5053043 5053131
5096015 5096117
5096225 5100035
5199235 5199680
5226406 5226934
5233081 5233591
5288094 5289044
5290945 5291177
CM057402.1
107 10589
16730 21117
139806 140302
176071 177620
256076 256219
256320 256460
401325 403129
770317 770684
997636 998781
1031064 1031284
1031385 1031580
1066031 1067504
1102201 1107197
1118391 1118458
1166873 1166980
1167081 1167290
1249262 1249391
1249492 1249600
1273804 1273944
1294707 1294778
1317837 1327926
1339180 1339383
1433956 1434083
1434184 1434305
1468114 1468184
1468285 1468518
1633036 1633615
1652224 1652655
1652756 1652950
1733375 1733506
1805347 1819678
1834218 1835712
1907057 1913026
1952204 1955646
2058502 2065633
2065734 2065811
2127195 2132921
2137680 2138522
2157510 2161082
2161656 2162474
2171982 2172044
2175581 2180405
2184817 2184880
2190238 2197443
2206021 2206430
2256471 2273039
2281593 2281659
2285061 2288553
2321403 2323833
2338428 2338568
2349434 2349486
2349587 2349773
2398562 2399991
2412956 2415552
2415653 2415778
2422450 2424697
2456526 2456593
2456694 2456781
2559782 2559877
2559978 2560190
2599786 2599894
2599995 2600072
2719111 2719737
2800049 2800189
3151997 3152750
3155114 3155837
3187247 3187450
3259562 3259635
3259736 3259785
3644458 3644644
3644745 3644910
3646869 3656311
3777142 3778302
3844369 3844548
3973050 3973339
4133825 4137825
4159621 4159799
4223914 4225111
4256580 4259032
4291674 4292159
4301427 4301517
4301618 4302249
4308950 4310372
CM057403.1
1 214
179904 180040
188750 188972
189073 189252
250222 252941
277766 278040
315970 316103
316204 316448
351615 352222
364596 391553
400859 402754
412226 413979
489421 489503
638499 638771
815100 815263
815364 815796
933223 937785
937886 950511
954774 955893
968290 968438
968539 968730
969531 969599
969700 969974
993848 994248
1289356 1289457
1307269 1307618
1315339 1315400
1315501 1315550
1323885 1324072
1340979 1343678
1526825 1526894
CM057404.1
1 3042
3143 7905
8006 27533
27634 33655
80615 81236
107382 108593
109180 111030
220417 248327
278947 280078
280179 280319
301252 302757
334437 335866
437032 437222
575766 575991
673784 673833
673934 674207
708024 711036
774325 774436
774537 774625
783643 789856
857750 857996
919875 920520
926757 927470
955282 957046
1038591 1039437
1039538 1054472
1054573 1056878
1056979 1061786
1061887 1062353
1090698 1090838
1091966 1092106
1106422 1122047
1125076 1125616
1131821 1131971
1157727 1157825
1157926 1157976
1210513 1210599
JARFXW010000011.1
1 4353
4454 8691
8792 13903
14004 42653
42754 45621
45722 46939
47040 60742
JARFXW010000101.1
JARFXW010000102.1
1 1615
JARFXW010000103.1
1 1938
JARFXW010000104.1
1 1964
JARFXW010000105.1
1 1289
JARFXW010000106.1
1 1038
JARFXW010000107.1
1 2449
JARFXW010000108.1
1 3178
JARFXW010000109.1
1 6189
JARFXW010000110.1
1 1259
JARFXW010000012.1
1917 6593
12709 15017
97188 97394
JARFXW010000111.1
1 1484
JARFXW010000112.1
1 1100
JARFXW010000113.1
1 2105
JARFXW010000114.1
1 15980
JARFXW010000115.1
1 1611
JARFXW010000116.1
1 1324
JARFXW010000117.1
1 1605
JARFXW010000118.1
1 1221
JARFXW010000119.1
1 1026
JARFXW010000120.1
1 1013
JARFXW010000013.1
1 1406
1507 9510
9611 11596
11697 16126
16227 17435
17536 19142
19243 22469
22570 24719
24820 30689
30790 34799
JARFXW010000121.1
1 437
JARFXW010000122.1
1618 2231
3160 3587
5042 5254
25397 25462
25796 25936
JARFXW010000123.1
1 3533
JARFXW010000124.1
1 7660
JARFXW010000125.1
1 1668
JARFXW010000126.1
1 2640
JARFXW010000127.1
1 1135
JARFXW010000128.1
1 2006
JARFXW010000129.1
1 1120
JARFXW010000130.1
1 2661
JARFXW010000014.1
25557 25664
JARFXW010000131.1
1 5566
JARFXW010000132.1
1 1738
JARFXW010000133.1
1 1871
JARFXW010000134.1
1 359
JARFXW010000135.1
1 6758
JARFXW010000136.1
1 1090
JARFXW010000137.1
1 1642
JARFXW010000138.1
1 3432
JARFXW010000139.1
1 1719
JARFXW010000140.1
1 1643
JARFXW010000015.1
23749 23815
23916 24065
25598 26205
28576 29181
JARFXW010000141.1
1 3792
7752 9777
JARFXW010000142.1
1 1917
JARFXW010000143.1
1 1237
JARFXW010000144.1
1 1670
JARFXW010000145.1
1 1621
JARFXW010000146.1
1 1346
JARFXW010000147.1
1 2435
JARFXW010000148.1
1 1021
JARFXW010000149.1
1 91
928 1062
JARFXW010000150.1
1 2863
JARFXW010000016.1
1 18452
18553 33392
33493 63080
JARFXW010000151.1
1 1344
JARFXW010000152.1
1 1380
JARFXW010000153.1
1 1777
JARFXW010000154.1
2516 3598
4631 5692
5852 5986
JARFXW010000155.1
1 26682
JARFXW010000156.1
1 4748
JARFXW010000157.1
1 1908
JARFXW010000158.1
1 2962
JARFXW010000159.1
1 1192
JARFXW010000160.1
1 1536
JARFXW010000017.1
1 5510
6058 12990
JARFXW010000161.1
1 1601
JARFXW010000162.1
1 1451
JARFXW010000163.1
1 1138
JARFXW010000164.1
1 1204
JARFXW010000165.1
1 1242
JARFXW010000166.1
1 3020
JARFXW010000167.1
1 1142
JARFXW010000168.1
1 2836
JARFXW010000169.1
1 300
JARFXW010000170.1
1 1523
JARFXW010000018.1
1 4086
4187 9528
JARFXW010000171.1
1 1193
JARFXW010000172.1
1 3161
JARFXW010000173.1
1 1572
JARFXW010000174.1
1 1420
JARFXW010000175.1
1 1305
JARFXW010000176.1
1 4223
JARFXW010000177.1
1 8214
JARFXW010000178.1
1 1615
JARFXW010000179.1
1 2001
JARFXW010000180.1
1 1610
JARFXW010000019.1
1 2296
2397 2453
2809 4998
JARFXW010000181.1
1 1148
JARFXW010000182.1
1 2102
JARFXW010000183.1
1 1502
JARFXW010000184.1
1 2866
JARFXW010000185.1
1 2091
JARFXW010000186.1
1 3362
JARFXW010000187.1
1 2115
JARFXW010000188.1
1 1488
JARFXW010000189.1
1 115
2787 3511
5786 10392
10789 10984
JARFXW010000190.1
1 813
1380 1520
JARFXW010000020.1
1 4081
4182 62202
JARFXW010000191.1
1 1302
JARFXW010000192.1
1 1633
JARFXW010000193.1
1 1451
JARFXW010000194.1
1 1098
JARFXW010000195.1
1 1359
JARFXW010000196.1
JARFXW010000197.1
1 322
2895 3292
JARFXW010000198.1
1 3263
JARFXW010000199.1
1 16928
JARFXW010000200.1
1 1205
JARFXW010000021.1
11500 16300
17015 18680
19873 31650
70255 82975
JARFXW010000201.1
1 2931
JARFXW010000202.1
1 1766
JARFXW010000203.1
1 1517
JARFXW010000204.1
1 5965
JARFXW010000205.1
1 1061
JARFXW010000206.1
1 14297
JARFXW010000207.1
1 752
JARFXW010000208.1
1 1004
JARFXW010000209.1
1 1892
JARFXW010000210.1
1 1555
JARFXW010000022.1
1 2650
2751 4192
JARFXW010000211.1
1 1772
JARFXW010000212.1
1 1214
JARFXW010000213.1
1 1199
JARFXW010000214.1
1 1073
JARFXW010000215.1
1 5024
JARFXW010000216.1
1 1825
JARFXW010000217.1
1 1339
JARFXW010000218.1
1 1722
JARFXW010000219.1
1 2374
JARFXW010000220.1
1 2003
JARFXW010000023.1
1 2458
2559 11484
11585 24128
JARFXW010000221.1
829 1185
JARFXW010000222.1
1 1269
JARFXW010000223.1
1 1345
JARFXW010000224.1
JARFXW010000225.1
1 3940
JARFXW010000226.1
1 934
JARFXW010000227.1
4658 5392
9853 26020
61961 69699
79319 82259
95053 96158
116270 116446
JARFXW010000228.1
1 1268
JARFXW010000229.1
1 1141
JARFXW010000230.1
1 1437
JARFXW010000024.1
1 1877
1978 12886
JARFXW010000231.1
1 1154
JARFXW010000232.1
1 1040
JARFXW010000233.1
1 14250
JARFXW010000234.1
5523 5662
JARFXW010000235.1
1 7678
JARFXW010000236.1
1 2720
JARFXW010000237.1
1 7127
JARFXW010000238.1
1 1110
JARFXW010000239.1
1 1491
JARFXW010000240.1
1 1266
JARFXW010000025.1
1 1286
1387 9732
9833 13813
JARFXW010000241.1
1 4114
JARFXW010000242.1
1 1471
JARFXW010000243.1
1 1047
JARFXW010000244.1
1 1387
JARFXW010000245.1
1 1360
JARFXW010000246.1
1 10001
JARFXW010000247.1
1 239
654 1415
JARFXW010000248.1
1 1087
JARFXW010000249.1
1 1121
JARFXW010000250.1
1 3642
JARFXW010000026.1
1 1378
1479 6556
6657 9436
JARFXW010000251.1
1 1383
JARFXW010000252.1
1 8683
JARFXW010000253.1
1 2047
JARFXW010000254.1
1 2019
JARFXW010000255.1
1 1019
JARFXW010000256.1
1 1352
JARFXW010000257.1
1 2013
JARFXW010000258.1
1 2264
JARFXW010000259.1
1 3559
JARFXW010000260.1
1 4164
JARFXW010000027.1
1 182
JARFXW010000261.1
1 1496
JARFXW010000262.1
1 191
745 1246
JARFXW010000263.1
1857 2096
JARFXW010000264.1
1 10304
JARFXW010000265.1
1 1906
JARFXW010000266.1
1 1838
JARFXW010000267.1
1 2239
JARFXW010000268.1
1 1139
JARFXW010000269.1
1 2097
JARFXW010000270.1
1 1414
JARFXW010000028.1
1 20112
JARFXW010000271.1
1 1232
JARFXW010000272.1
1 1021
JARFXW010000273.1
1 1237
JARFXW010000274.1
1 1033
JARFXW010000275.1
1 1401
JARFXW010000276.1
1 1200
JARFXW010000277.1
1 1339
JARFXW010000278.1
1 1321
JARFXW010000279.1
1 24914
JARFXW010000280.1
1 8408
JARFXW010000029.1
1 4082
4183 14998
15099 34915
JARFXW010000281.1
1 1422
JARFXW010000282.1
1 71
JARFXW010000283.1
1 1787
JARFXW010000284.1
1 1537
JARFXW010000285.1
1 1206
JARFXW010000286.1
1 1106
JARFXW010000287.1
1 2000
JARFXW010000288.1
1 2217
JARFXW010000289.1
1 5093
JARFXW010000290.1
1 3971
JARFXW010000030.1
1 8573
8674 44709
51031 55074
JARFXW010000291.1
1 2864
JARFXW010000292.1
1 4346
JARFXW010000293.1
1 1279
JARFXW010000294.1
1 2215
JARFXW010000295.1
1 1669
JARFXW010000296.1
1 1526
JARFXW010000297.1
1 1415
JARFXW010000298.1
1 1806
JARFXW010000299.1
1 1233
JARFXW010000300.1
1 1370
JARFXW010000031.1
1 5192
22878 36778
37235 38246
41811 43055
44172 44228
44329 46685
JARFXW010000301.1
1 3055
JARFXW010000302.1
1 1007
JARFXW010000303.1
1 2014
JARFXW010000304.1
1 1873
JARFXW010000305.1
1 1933
JARFXW010000306.1
1 1889
JARFXW010000307.1
3903 4522
JARFXW010000308.1
1 1084
JARFXW010000309.1
1 1134
JARFXW010000310.1
1 3222
JARFXW010000032.1
6297 6592
8069 8509
19201 19946
113246 113322
JARFXW010000311.1
1 1627
JARFXW010000312.1
1 5141
JARFXW010000313.1
1 1049
JARFXW010000314.1
1 3170
JARFXW010000315.1
1 3113
JARFXW010000316.1
1 1483
JARFXW010000317.1
1 1073
JARFXW010000318.1
1 5831
JARFXW010000319.1
1 1148
JARFXW010000320.1
1 1298
JARFXW010000033.1
1 2368
JARFXW010000321.1
1 11203
JARFXW010000322.1
1 6110
JARFXW010000323.1
1 1042
JARFXW010000324.1
1 2095
JARFXW010000325.1
1 1391
JARFXW010000326.1
1 5530
JARFXW010000327.1
1 5269
JARFXW010000328.1
1 3852
JARFXW010000329.1
1 1851
JARFXW010000330.1
1 1429
JARFXW010000034.1
1 16397
16498 18602
18885 55400
55501 57146
57247 60445
JARFXW010000331.1
1 1055
JARFXW010000332.1
1 1371
JARFXW010000333.1
1 5835
JARFXW010000334.1
1 75
3021 4436
JARFXW010000335.1
1 8105
JARFXW010000336.1
1 1004
JARFXW010000337.1
1 1131
JARFXW010000338.1
1 1491
JARFXW010000339.1
1 1146
JARFXW010000340.1
1 1154
JARFXW010000035.1
794 1109
2928 5494
8192 8363
JARFXW010000036.1
1 1160
1261 10710
10811 18184
18285 24660
JARFXW010000037.1
1 1372
1473 5000
5101 6726
6827 21025
21126 34134
JARFXW010000038.1
1 1018
1119 19922
20023 21112
21213 26311
26412 30001
30102 31189
31290 32631
JARFXW010000039.1
1 6559
6660 24921
25022 26956
27057 29056
29157 31258
31359 32808
32909 35064
35165 36608
36709 38557
38658 40474
40575 41729
41830 44778
44879 46682
46783 48484
48585 52111
JARFXW010000040.1
1 29161
29262 43404
JARFXW010000041.1
1 2537
3082 3399
3500 11897
16686 16812
24015 24399
27453 27534
28105 28287
30254 30838
35861 36001
36102 39803
39904 40957
41058 42177
42278 46831
JARFXW010000042.1
1 1579
1680 3574
3675 5204
5305 7568
JARFXW010000043.1
1 8327
8428 14555
14656 20930
21031 25114
25215 28732
28833 38891
38992 42033
JARFXW010000044.1
1 6658
JARFXW010000045.1
1 34226
JARFXW010000046.1
1 3571
4564 5596
5697 6696
6797 7916
JARFXW010000047.1
1 3193
3294 7517
7618 21218
JARFXW010000048.1
1 21978
JARFXW010000049.1
1 3322
3423 4987
5088 7220
7321 10161
10262 11915
JARFXW010000050.1
1 1445
JARFXW010000051.1
1 5799
5900 6960
7061 9580
JARFXW010000052.1
1 7909
8010 9843
11308 11394
JARFXW010000053.1
1 1478
JARFXW010000054.1
1 4246
4347 12278
JARFXW010000055.1
1 17008
JARFXW010000056.1
1 140
4308 4539
JARFXW010000057.1
1 4749
JARFXW010000058.1
1 2366
2467 3917
4018 12272
JARFXW010000059.1
1 3508
JARFXW010000060.1
1 267
JARFXW010000061.1
1 67
67819 68017
JARFXW010000062.1
1 32645
32746 35492
JARFXW010000063.1
1 1358
1459 2856
JARFXW010000064.1
1 6867
JARFXW010000065.1
1 4782
JARFXW010000066.1
1 70
6887 7129
JARFXW010000067.1
1 841
921 1289
1390 3103
JARFXW010000068.1
1 2736
2837 14296
JARFXW010000069.1
1 3805
JARFXW010000070.1
1 2553
JARFXW010000071.1
1 1893
JARFXW010000072.1
1 1379
1480 3148
3249 4491
4592 7244
7345 10506
JARFXW010000073.1
1 1649
1750 14177
JARFXW010000074.1
1 6306
JARFXW010000075.1
1 1249
1350 3264
3365 4776
JARFXW010000076.1
1 1404
1505 6735
6836 9559
9660 14750
JARFXW010000077.1
1 4307
5075 8875
JARFXW010000078.1
17650 17720
JARFXW010000079.1
1 8724
JARFXW010000080.1
1 8367
JARFXW010000009.1
1 175
17366 17808
65240 65291
92112 92737
96124 96581
197783 211632
211733 214113
248014 248125
249610 249890
257894 263390
268434 268685
358440 401348
JARFXW010000081.1
1 5919
6020 7708
JARFXW010000082.1
1 147
2514 2658
JARFXW010000083.1
1 1162
JARFXW010000084.1
1 1043
1144 2426
JARFXW010000085.1
1 8258
JARFXW010000086.1
1 5020
5121 7105
JARFXW010000087.1
1 10859
JARFXW010000088.1
1 2464
2565 4854
4955 7181
JARFXW010000089.1
1 5447
JARFXW010000090.1
1 1036
1137 2967
JARFXW010000010.1
12981 13650
16379 18211
18312 18450
21325 22779
66018 66193
66294 66378
190312 190443
207794 209092
285391 289228
289329 297782
298763 301541
302549 302624
302725 302790
317104 318626
JARFXW010000091.1
1 20585
JARFXW010000092.1
1 49260
JARFXW010000093.1
1 2780
2881 5103
JARFXW010000094.1
1 1444
1545 2689
JARFXW010000095.1
1 1085
1186 2334
2435 6343
6444 7705
JARFXW010000096.1
1 9732
JARFXW010000097.1
1 5612
JARFXW010000098.1
1 1681
JARFXW010000099.1
1 7554
JARFXW010000100.1
1 2124
