CM057397.1
1 88
35568 35667
35768 40527
138952 146652
188905 190792
190893 195569
270582 270671
275539 276535
284161 287026
359469 359587
359688 359760
448547 449086
507731 509118
511871 511942
560336 560495
690673 690896
690997 691190
765457 765577
1123647 1131694
1233649 1234242
1262498 1262664
1262765 1262854
1278884 1278980
1346099 1346175
1346276 1346392
1409281 1409357
1409458 1409524
1424174 1436825
1457739 1457848
1488899 1488956
1586033 1590017
1598085 1598849
1614981 1667657
1667758 1667809
1730056 1731921
1732022 1732125
1988486 1988626
2253188 2254461
2490543 2495525
2519270 2539365
2576817 2576960
2716754 2716897
2716998 2717113
3058767 3058860
3059091 3062895
3063012 3082600
3099360 3103153
3158499 3159545
3295722 3295843
3328481 3331197
3377685 3378392
3378493 3390314
3483220 3488382
3508817 3513939
3519321 3520166
3575043 3575125
3575226 3575343
3643859 3647546
3647647 3659361
3673110 3681420
3696219 3703215
3703316 3705413
3705514 3705825
3862006 3870869
3870970 3890313
3913891 3913988
3914089 3914262
3977866 3978067
3978168 3978277
4022405 4022461
4022562 4022746
4117304 4120768
4135367 4143175
4215465 4215660
4215761 4215872
4277768 4278846
4496236 4496364
4498374 4498506
4513779 4514366
4516611 4527238
4534174 4534271
4535990 4536077
4536178 4537243
4546872 4546987
4578507 4578602
4693352 4693424
4822318 4822380
4822481 4822560
4826371 4826536
4870540 4870627
4901283 4901684
4903670 4903735
4910648 4911421
4911833 4911888
4912793 4914668
4931297 4932791
4936633 4936838
4937088 4953061
4955524 4955579
4957708 4960347
4966227 4968921
4969022 4970369
4981509 4987816
4988057 4988300
4988401 4988496
4989864 4990099
5042926 5061085
5061186 5061326
5063540 5078889
5082437 5082571
5085671 5091583
5092214 5092470
CM057398.1
108453 108623
204850 204990
306721 306913
307014 307201
527269 527469
527570 527637
578805 578952
850112 850252
1104536 1112167
1117075 1117249
1125718 1125973
1142066 1142314
1158215 1161146
1162569 1164758
1228446 1228584
1231415 1231537
1246276 1247961
1301824 1301899
1302000 1302151
1305700 1305775
1305876 1305952
1396070 1399163
1456663 1456769
1456870 1456930
1701556 1701661
1877271 1877523
1877624 1877739
1913520 1914135
2061448 2067790
2071309 2071432
2079381 2081759
2084378 2084649
2120467 2122435
2139561 2139772
2139873 2140219
2145816 2147093
2147194 2149926
2187413 2188668
2188831 2189115
2204971 2206469
2235833 2242899
2243000 2243140
2244022 2244240
2249740 2249880
2252619 2252832
2265683 2266658
2266759 2266899
2279521 2279779
2377172 2377264
2523394 2525367
2536915 2537223
2577919 2583507
2635226 2635441
2635542 2635916
2668418 2669241
2670511 2674514
2674615 2674883
2685483 2714627
2716079 2717545
2774647 2804121
2804222 2815432
2819523 2824982
2935296 2936617
2951098 2951483
2958415 2958588
2958689 2958781
3014260 3028540
3082316 3086506
3102918 3103360
3143595 3148758
3197161 3206585
3280024 3280163
3284277 3287177
3303963 3304361
3311278 3341377
3342881 3350212
3358932 3379705
3385107 3385237
3385338 3385558
3417865 3422592
3464584 3464891
3596879 3597021
3676190 3676308
3746247 3748295
3932835 3941366
3942433 3943233
3949734 3949797
3965901 3968330
3972402 3972489
3980640 3980904
4007065 4008237
4025927 4026304
4052646 4052925
4053026 4053215
4220029 4220187
4326934 4327046
4358696 4364256
4367366 4370200
4379680 4391612
4395276 4395615
4442629 4442981
4553820 4553887
4553988 4554083
4571224 4571300
4571401 4571457
4611798 4611938
4657115 4657194
4832253 4832452
4883862 4888917
4926808 4926948
5021321 5021399
5021500 5021701
5087964 5088302
5277595 5279293
5344256 5344449
5359893 5364053
5449609 5450286
5485686 5491606
5505358 5506291
5506392 5506713
5507344 5508254
5510318 5510371
5510472 5511822
5540354 5540441
5574292 5574478
5614537 5614676
5840731 5840841
5840942 5841035
5847331 5847399
5847500 5847586
5888811 5889033
5889134 5889185
5986876 5987104
6046980 6047146
6091515 6091597
6091698 6091816
6230172 6230293
6355526 6357396
6408711 6410257
6410358 6415144
6508798 6508982
6663571 6669904
6674292 6676322
6679945 6680078
6696947 6697062
6808617 6808733
6808834 6808932
6832018 6832155
6875222 6906351
6919086 6919183
6934737 6934859
6969852 6970369
6973415 6974624
6986558 6988468
6994916 6994980
6995081 6995204
6995922 6996044
7077148 7078761
7095115 7097692
7136435 7143018
7143119 7151735
7176720 7178811
7317838 7318743
7363579 7364020
7388324 7388496
7388597 7388769
7627942 7628146
7628247 7628296
7822446 7822671
7871716 7871904
7872005 7872073
7902790 7903671
7916706 7916829
7916930 7917055
7942328 7942424
7942525 7942605
7971228 7985058
8116736 8116949
8184942 8185807
8230461 8230786
8280866 8281061
8296322 8298987
8299088 8303162
8304854 8305536
8327576 8327931
8359832 8360052
8381977 8386731
8468347 8468489
8468590 8468696
8600438 8601521
8630842 8631267
8714410 8714618
8714719 8714833
8721140 8721295
8723803 8727418
8748635 8774818
8774919 8812003
8862216 8862958
8863059 8863271
8878225 8879108
8879845 8884251
8886969 8887046
8887147 8887306
8908741 8909270
8919499 8921468
8921594 8927639
8971743 8972836
9069270 9075718
9116762 9116832
9140286 9141681
9146309 9146973
9188045 9188857
9194277 9205284
CM057399.1
1 89
45661 45793
50585 52268
257524 257612
258906 258957
320345 322025
745718 745815
745916 746086
817074 843787
912053 912260
1169270 1169359
1169460 1169529
1206385 1206569
1235353 1235617
1235718 1235930
1461518 1461602
1461703 1461764
1510746 1510804
1625473 1625951
1687243 1690028
1749089 1749162
1791794 1792217
1845555 1849464
1962118 1962213
2366440 2366975
2500350 2500574
2515327 2515768
2541798 2541882
2541983 2542086
2738944 2750115
2761571 2764220
2770660 2775825
2845868 2849176
2889932 2890185
2903067 2903223
2903324 2903418
3033249 3033714
3053801 3053850
3053951 3054053
3221646 3221733
3221834 3221921
3274574 3274822
3274923 3275061
3384302 3384351
3425572 3425769
3425870 3426033
3439152 3439261
3570151 3570330
3624561 3624902
3672817 3673056
3673157 3673279
3860425 3860565
3861363 3861503
3863367 3863507
3865933 3866105
3867165 3867305
3876843 3878315
3902933 3903073
3942073 3943512
3970354 3970463
3979561 3983502
3997903 3998208
4019595 4019654
4019755 4019941
4033654 4033868
4408131 4408716
4475667 4476578
4527093 4529219
4593853 4594089
4596767 4601539
4604948 4609991
4627990 4628651
4701026 4704956
4705057 4705145
CM057400.1
1 431
2971 7953
9601 49254
59365 59434
110522 110769
114736 123013
214150 214484
251192 253424
279673 287212
287313 289405
453728 453842
726447 726533
726634 726695
819605 820347
822725 832451
832552 832951
872014 872497
1091218 1091288
1097064 1097226
1106356 1106411
1122882 1122978
1147211 1147265
1147366 1147536
1155960 1156173
1185492 1185632
1232891 1233085
1242922 1242993
1243094 1243162
1257532 1257862
1298560 1298806
1501867 1502314
1616022 1616162
1735199 1736668
1860476 1862169
1948491 1948551
1951641 1951777
1964913 1965005
1965106 1965164
1969249 1970398
1970578 1993390
2018155 2028336
2036940 2037470
2042290 2052708
2134669 2149918
2184886 2190484
2233003 2234953
2236985 2241651
2257461 2257520
2278749 2279248
2407515 2407836
2420068 2420249
2568923 2569628
2614091 2617892
2726356 2726805
2760186 2762959
2770677 2771323
2779841 2785176
2785277 2792300
2793952 2795673
2827212 2833800
CM057401.1
1 9953
46204 46969
107227 107338
225238 225343
225444 225612
276552 276661
276762 276849
282823 282903
283004 283098
335833 335922
336023 336237
375688 375804
598688 599323
602145 602799
608167 612233
612334 612473
649298 649859
654252 674607
736661 737049
740340 751832
778765 779204
863205 863556
871983 878944
879413 891667
892768 901778
901879 902016
903362 909057
916960 917035
960387 961024
1065607 1065972
1066073 1066190
1136064 1136175
1235598 1235714
1235815 1235864
1253961 1265360
1346037 1348112
1354621 1354871
1402054 1403323
1403741 1404129
1617327 1617557
1857923 1858076
1858177 1858309
1884019 1884130
1960126 1962177
1968697 1969014
1976195 1983829
1985297 1985422
1985523 1991507
1991909 1992240
1993815 1994057
2002574 2002698
2095832 2097333
2120444 2122423
2134677 2134903
2173892 2173970
2174071 2174177
2198271 2198444
2198545 2198632
2238430 2239264
2255297 2255474
2484234 2484316
2484417 2484729
2506187 2514127
2629972 2630073
2630174 2630521
2639686 2641956
2654490 2666525
2690972 2691134
2834262 2834388
2834489 2834670
2899961 2900181
2967197 2967284
2967385 2967488
2973910 2973991
2974092 2974211
3053516 3054048
3058813 3062475
3263446 3266511
3302507 3302941
3469222 3469346
3473106 3473387
3576165 3578378
3608485 3609107
3639169 3639268
3658075 3658261
3719790 3719857
3755131 3755346
3794620 3795788
3808686 3808866
3810900 3811754
3817524 3819793
3822023 3822337
3847284 3860777
3866058 3867960
3868061 3868190
3919883 3920209
3923359 3924224
4074501 4074641
4103810 4104037
4104138 4104234
4150750 4150823
4187213 4187284
4197050 4198618
4219729 4219949
4274422 4274932
4463159 4463298
4733565 4733693
4917197 4917379
4917480 4917824
4946571 4948352
4951374 4951601
5052791 5052942
5053043 5053103
5078101 5078389
5096087 5100114
5251039 5251344
5291014 5291177
CM057402.1
1 10589
16443 60464
68230 79505
107339 109631
139806 144160
176099 177620
256081 256219
256320 256579
443090 444082
736458 738111
749923 761976
769000 769845
975598 975727
997636 998781
1031064 1031284
1031385 1031580
1065230 1067504
1102201 1107197
1118391 1118458
1167081 1167361
1249262 1249391
1249492 1249600
1273563 1273703
1317837 1327926
1433956 1434083
1434184 1434305
1468114 1468184
1468285 1468518
1652224 1652655
1652756 1652950
1808683 1814183
1827116 1832880
1834224 1839036
1960574 1970760
2058502 2065346
2065734 2065811
2123425 2130712
2157510 2162474
2179834 2184878
2190238 2193509
2206021 2206430
2217576 2246228
2256508 2265405
2271805 2272339
2289272 2290145
2321403 2323833
2338428 2338568
2349433 2349486
2349587 2349789
2380758 2383077
2412956 2415552
2415653 2415778
2417029 2418155
2422450 2424697
2456526 2456593
2456694 2456782
2559788 2559877
2559978 2560191
2599995 2600166
2800290 2800430
3155116 3155839
3187247 3187450
3219984 3220060
3259562 3259635
3259736 3259800
3407520 3409301
3644463 3644644
3644745 3644864
3844368 3844548
3973051 3973339
4085197 4085623
4133825 4137825
4159621 4159799
4223914 4225111
4256580 4259032
4291674 4295328
4301176 4301517
4308950 4310372
4328680 4328839
4333298 4333929
CM057403.1
1 224
155605 156882
179916 180040
188762 188972
189073 189274
211607 213803
250222 252941
277766 278040
315928 316103
316204 316593
364578 366439
380177 380953
382892 382952
384719 384841
440090 442052
628991 629257
638499 638771
665370 665456
798370 815263
815364 818752
824655 826371
937655 937785
937886 937947
968539 968948
969531 969599
969700 969974
992779 994248
1044742 1044812
1306651 1307086
1315303 1315400
1526826 1526894
CM057404.1
1 130
475 784
2629 3042
3641 4333
7723 7905
18094 18343
27634 30539
80615 81245
107382 108593
109180 111030
220417 248406
255176 280078
280179 280313
295771 302757
334438 335867
353008 353223
437032 437195
575766 575993
596576 596643
673778 673833
673934 674207
698017 698172
700353 700726
774345 774436
1038583 1039437
1039538 1039702
1041545 1041728
1042235 1042814
1054414 1054472
1056738 1056878
1060509 1061786
1061887 1090597
1106422 1106819
1111212 1122047
1125508 1125645
1131821 1131971
1150849 1151115
1157727 1157825
1157926 1157977
1210504 1210599
JARFXW010000011.1
1 8691
8792 13903
14004 41814
42479 42653
42754 42894
45722 45862
46739 46939
47040 47434
60630 60742
JARFXW010000101.1
1 136
7937 8070
JARFXW010000102.1
1 1615
JARFXW010000103.1
1 141
JARFXW010000104.1
1 1964
JARFXW010000105.1
1 1289
JARFXW010000106.1
1 432
JARFXW010000107.1
1 2449
JARFXW010000108.1
1 206
JARFXW010000109.1
1 6189
JARFXW010000110.1
1 1259
JARFXW010000012.1
41531 41874
JARFXW010000111.1
507 1484
JARFXW010000112.1
1 1100
JARFXW010000113.1
1 2105
JARFXW010000114.1
1 15980
JARFXW010000115.1
980 1611
JARFXW010000116.1
1 1324
JARFXW010000117.1
1 1605
JARFXW010000118.1
JARFXW010000119.1
1 1026
JARFXW010000120.1
1 1013
JARFXW010000013.1
1 1406
1507 1779
3350 9510
9611 11596
11697 16126
16227 17435
17536 17888
18546 19142
22570 24719
26806 30689
30790 34799
JARFXW010000121.1
1 437
JARFXW010000122.1
1 141
445 612
2990 3231
9375 9922
21462 21709
22679 23024
JARFXW010000123.1
1 3533
JARFXW010000124.1
1 161
7569 7660
JARFXW010000125.1
1 607
1195 1668
JARFXW010000126.1
1 1137
1312 2640
JARFXW010000127.1
1 148
286 1135
JARFXW010000128.1
1 392
1373 2006
JARFXW010000129.1
1 1120
JARFXW010000130.1
1 2661
JARFXW010000014.1
25556 25664
JARFXW010000131.1
1 3830
JARFXW010000132.1
JARFXW010000133.1
142 1871
JARFXW010000134.1
JARFXW010000135.1
1 696
4125 4637
5224 5403
JARFXW010000136.1
1 1090
JARFXW010000137.1
1 1642
JARFXW010000138.1
1 3432
JARFXW010000139.1
1 1719
JARFXW010000140.1
1 330
1414 1643
JARFXW010000015.1
23749 23815
28576 29181
29552 29620
32075 32290
32407 32794
35280 35338
36012 36390
JARFXW010000141.1
1 205
JARFXW010000142.1
1 145
JARFXW010000143.1
1108 1237
JARFXW010000144.1
1 1427
1527 1670
JARFXW010000145.1
1 464
1251 1621
JARFXW010000146.1
1 133
JARFXW010000147.1
JARFXW010000148.1
1 1021
JARFXW010000149.1
1 91
796 1062
JARFXW010000150.1
1 2474
JARFXW010000016.1
1 4018
4620 4906
5417 18452
22824 33392
33493 62592
JARFXW010000151.1
1 731
JARFXW010000152.1
JARFXW010000153.1
1 1777
JARFXW010000154.1
5210 5986
JARFXW010000155.1
1 2175
8217 10099
12237 14761
17072 17321
18071 26682
JARFXW010000156.1
260 4748
JARFXW010000157.1
1 1908
JARFXW010000158.1
1 376
JARFXW010000159.1
JARFXW010000160.1
1 1536
JARFXW010000017.1
1 12990
JARFXW010000161.1
JARFXW010000162.1
1 1451
JARFXW010000163.1
1 1138
JARFXW010000164.1
1 1204
JARFXW010000165.1
1 1242
JARFXW010000166.1
1 2687
2880 3020
JARFXW010000167.1
1 1142
JARFXW010000168.1
1 2836
JARFXW010000169.1
1 300
JARFXW010000170.1
1454 1523
JARFXW010000018.1
3938 4086
4187 5045
5647 6064
6158 9528
JARFXW010000171.1
1 1193
JARFXW010000172.1
2343 3161
JARFXW010000173.1
1445 1572
JARFXW010000174.1
1 1420
JARFXW010000175.1
1 1305
JARFXW010000176.1
1 4223
JARFXW010000177.1
1 233
JARFXW010000178.1
1 474
923 1459
1561 1615
JARFXW010000179.1
913 1173
JARFXW010000180.1
1 1610
JARFXW010000019.1
1 730
1606 1795
2397 2452
2809 3699
JARFXW010000181.1
1 448
964 1148
JARFXW010000182.1
1 2102
JARFXW010000183.1
1 329
JARFXW010000184.1
1 2725
JARFXW010000185.1
1 2091
JARFXW010000186.1
1 3362
JARFXW010000187.1
1 806
1546 2115
JARFXW010000188.1
1 1015
JARFXW010000189.1
1 106
5786 10395
10883 10984
JARFXW010000190.1
1 1520
JARFXW010000020.1
1 2100
4182 62202
JARFXW010000191.1
1 1302
JARFXW010000192.1
JARFXW010000193.1
665 1451
JARFXW010000194.1
1 1098
JARFXW010000195.1
1 1359
JARFXW010000196.1
1 342
JARFXW010000197.1
2439 3292
JARFXW010000198.1
1 554
791 2343
JARFXW010000199.1
1 16928
JARFXW010000200.1
1 1205
JARFXW010000021.1
1 11498
19873 31650
67757 72819
81540 82975
JARFXW010000201.1
1 636
765 2159
2844 2931
JARFXW010000202.1
1 1766
JARFXW010000203.1
1 1517
JARFXW010000204.1
1 70
5803 5965
JARFXW010000205.1
1 1061
JARFXW010000206.1
JARFXW010000207.1
1 752
JARFXW010000208.1
1 141
JARFXW010000209.1
1764 1892
JARFXW010000210.1
1 1555
JARFXW010000022.1
1 222
2751 4192
JARFXW010000211.1
JARFXW010000212.1
1 1214
JARFXW010000213.1
1 1199
JARFXW010000214.1
JARFXW010000215.1
JARFXW010000216.1
1 1825
JARFXW010000217.1
1199 1339
JARFXW010000218.1
1 1722
JARFXW010000219.1
1 405
1394 2374
JARFXW010000220.1
1040 2003
JARFXW010000023.1
1827 2458
2559 2700
3049 9590
11344 11484
11585 11725
12468 24128
JARFXW010000221.1
1 82
JARFXW010000222.1
1 1269
JARFXW010000223.1
1 470
1018 1345
JARFXW010000224.1
JARFXW010000225.1
1 3228
3748 3940
JARFXW010000226.1
1 95
JARFXW010000227.1
1 82259
92106 92297
95053 96158
116266 116446
JARFXW010000228.1
1 1268
JARFXW010000229.1
1 275
668 1141
JARFXW010000230.1
1 1156
1297 1437
JARFXW010000024.1
1 141
1978 2072
JARFXW010000231.1
1014 1154
JARFXW010000232.1
1 70
JARFXW010000233.1
1948 7838
JARFXW010000234.1
1 5662
JARFXW010000235.1
1 376
2327 2498
6346 6585
7520 7678
JARFXW010000236.1
1 2720
JARFXW010000237.1
1 141
6276 6667
JARFXW010000238.1
JARFXW010000239.1
1 868
1422 1491
JARFXW010000240.1
1 457
1209 1266
JARFXW010000025.1
1 141
1146 1286
3786 4283
13744 13813
JARFXW010000241.1
1 863
2263 4114
JARFXW010000242.1
1 1471
JARFXW010000243.1
293 1047
JARFXW010000244.1
1 1387
JARFXW010000245.1
1 1360
JARFXW010000246.1
JARFXW010000247.1
665 1415
JARFXW010000248.1
1 1087
JARFXW010000249.1
1 1121
JARFXW010000250.1
JARFXW010000026.1
1 1378
9329 9436
JARFXW010000251.1
1254 1383
JARFXW010000252.1
1 70
3309 3505
7722 7892
8543 8683
JARFXW010000253.1
280 362
690 2047
JARFXW010000254.1
1 2019
JARFXW010000255.1
1 1019
JARFXW010000256.1
1212 1352
JARFXW010000257.1
1 961
JARFXW010000258.1
1 790
JARFXW010000259.1
1 2042
2922 3559
JARFXW010000260.1
1 4164
JARFXW010000027.1
1 207
JARFXW010000261.1
1 1496
JARFXW010000262.1
1 1246
JARFXW010000263.1
1 247
1363 1744
1956 2096
JARFXW010000264.1
3155 3457
JARFXW010000265.1
1 1451
1702 1906
JARFXW010000266.1
1 194
1611 1838
JARFXW010000267.1
1 192
JARFXW010000268.1
1 462
928 1139
JARFXW010000269.1
96 2097
JARFXW010000270.1
1 1414
JARFXW010000028.1
19425 19578
JARFXW010000271.1
1 1232
JARFXW010000272.1
158 283
JARFXW010000273.1
1 2760
JARFXW010000274.1
1 1033
JARFXW010000275.1
1 56
675 870
1332 1401
JARFXW010000276.1
1 1200
JARFXW010000277.1
1 1339
JARFXW010000278.1
1 492
1010 1321
JARFXW010000279.1
1 24914
JARFXW010000280.1
6392 8408
JARFXW010000029.1
1 140
3930 4082
4183 13543
JARFXW010000281.1
1 1422
JARFXW010000282.1
1 142
1348 1464
JARFXW010000283.1
1 1787
JARFXW010000284.1
1 76
1397 1537
JARFXW010000285.1
1 1206
JARFXW010000286.1
1 1106
JARFXW010000287.1
1 2000
JARFXW010000288.1
1 2217
JARFXW010000289.1
1 5093
JARFXW010000290.1
1 3971
JARFXW010000030.1
8339 8573
8674 8947
44810 44950
46279 46435
51031 55074
JARFXW010000291.1
1 2864
JARFXW010000292.1
1 4346
JARFXW010000293.1
JARFXW010000294.1
1 2215
JARFXW010000295.1
1 808
1514 1669
JARFXW010000296.1
1 1526
JARFXW010000297.1
1 1415
JARFXW010000298.1
862 991
JARFXW010000299.1
1 1233
JARFXW010000300.1
1 708
1230 1370
JARFXW010000031.1
1 5196
36358 36979
40265 40474
44172 44228
44329 45041
JARFXW010000301.1
1 3055
JARFXW010000302.1
1 1007
JARFXW010000303.1
1 2014
JARFXW010000304.1
1 1873
JARFXW010000305.1
1 64
1416 1933
JARFXW010000306.1
1 1889
JARFXW010000307.1
3913 4522
JARFXW010000308.1
1 460
1021 1084
JARFXW010000309.1
1 1134
JARFXW010000310.1
1 3222
JARFXW010000032.1
8069 8509
21578 25779
64031 68933
JARFXW010000311.1
1 141
JARFXW010000312.1
3350 3711
4942 5141
JARFXW010000313.1
1 1049
JARFXW010000314.1
1815 3170
JARFXW010000315.1
1 3113
JARFXW010000316.1
1 1483
JARFXW010000317.1
1 1073
JARFXW010000318.1
1 1258
4247 5014
5530 5831
JARFXW010000319.1
1 1148
JARFXW010000320.1
1 1298
JARFXW010000033.1
JARFXW010000321.1
1 11203
JARFXW010000322.1
5912 6110
JARFXW010000323.1
902 1042
JARFXW010000324.1
1 519
652 801
JARFXW010000325.1
1 1391
JARFXW010000326.1
1 691
4567 4782
JARFXW010000327.1
1 5269
JARFXW010000328.1
1 1201
3562 3852
JARFXW010000329.1
1 1054
JARFXW010000330.1
1 1429
JARFXW010000034.1
1 92
13448 16397
18409 18702
54997 55400
55501 55924
56908 57146
JARFXW010000331.1
1 147
968 1055
JARFXW010000332.1
1 1371
JARFXW010000333.1
1 141
4253 4778
JARFXW010000334.1
1 4436
JARFXW010000335.1
1 473
7946 8105
JARFXW010000336.1
1 1004
JARFXW010000337.1
1 1131
JARFXW010000338.1
1 1491
JARFXW010000339.1
1 1146
JARFXW010000340.1
1 70
1086 1154
JARFXW010000035.1
1 162
665 1109
1210 1268
3586 4676
5194 6204
11543 11683
JARFXW010000036.1
1 70
578 1160
1261 1578
6529 7047
10336 10710
10811 10946
19820 21164
22259 24660
JARFXW010000037.1
1 1372
5101 6726
6827 21025
JARFXW010000038.1
1 880
1119 19922
20140 20420
20972 21112
21213 21415
26128 26311
30102 30281
31290 31340
JARFXW010000039.1
4240 4728
5698 6559
24801 24921
26438 26956
27057 27178
29157 30063
30384 31258
31359 31815
34967 35064
35165 36608
36709 36784
38210 38557
38658 38785
40389 40474
40575 41729
42315 44778
46366 46682
48585 52111
JARFXW010000040.1
1 29161
JARFXW010000041.1
1 141
3167 3399
3500 11779
35082 36001
36102 39803
39904 40957
41531 42177
42278 43674
45735 45958
46505 46831
JARFXW010000042.1
1 691
1680 1820
5305 5445
JARFXW010000043.1
7917 8327
8428 8949
16873 17924
21031 21171
22440 22562
24692 25114
28833 32873
36293 36584
37262 38891
38992 39597
JARFXW010000044.1
1 320
JARFXW010000045.1
34062 34226
JARFXW010000046.1
5492 5596
5697 6696
6797 7916
JARFXW010000047.1
107 3193
3294 7517
7618 21218
JARFXW010000048.1
1 70
21872 21978
JARFXW010000049.1
1 2347
3423 4987
5088 5556
6668 7220
8077 10161
10262 11915
JARFXW010000050.1
1 1445
JARFXW010000051.1
4928 5499
5900 6960
7061 9580
JARFXW010000052.1
1 141
2920 3215
9944 11394
JARFXW010000053.1
1 1478
JARFXW010000054.1
1 4246
4347 4645
5161 12278
JARFXW010000055.1
1 16823
JARFXW010000056.1
1 140
3990 4539
JARFXW010000057.1
1 1272
JARFXW010000058.1
1 1903
1980 2366
2467 3148
4018 9917
JARFXW010000059.1
1 3508
JARFXW010000060.1
1 141
JARFXW010000061.1
1 73
36465 36699
67797 68017
JARFXW010000062.1
1 31881
32505 32645
32746 33045
JARFXW010000063.1
1 1358
1459 2856
JARFXW010000064.1
1 153
6548 6867
JARFXW010000065.1
797 958
2390 2739
JARFXW010000066.1
1 65
6909 7104
JARFXW010000067.1
1 629
912 1289
2597 2742
2963 3103
JARFXW010000068.1
2320 2736
2837 4259
9209 9757
JARFXW010000069.1
905 2687
JARFXW010000070.1
JARFXW010000071.1
1292 1893
JARFXW010000072.1
1 1379
3249 3389
4229 4491
4592 5439
7175 7244
9978 10351
JARFXW010000073.1
1078 1649
1750 1805
8994 9505
JARFXW010000074.1
125 6306
JARFXW010000075.1
1 1249
1350 3264
3365 4776
JARFXW010000076.1
1 559
1130 1404
1505 6735
6836 9559
JARFXW010000077.1
1 288
8806 8875
JARFXW010000078.1
JARFXW010000079.1
1 383
1352 8724
JARFXW010000080.1
7851 8367
JARFXW010000009.1
1 221
8711 9675
65240 65291
197783 211632
211733 214113
249610 249890
257894 263795
268434 268685
307494 311884
312068 401348
JARFXW010000081.1
1 141
3020 5464
5779 5919
6020 7708
JARFXW010000082.1
1 147
1506 2121
2514 2658
JARFXW010000083.1
220 277
995 1162
JARFXW010000084.1
JARFXW010000085.1
1 8258
JARFXW010000086.1
1 981
1353 1691
1790 2362
4236 5020
5121 6269
JARFXW010000087.1
1 10118
10267 10859
JARFXW010000088.1
1 2464
4622 4854
JARFXW010000089.1
302 1207
2807 3349
5356 5447
JARFXW010000090.1
968 1036
1137 1450
2827 2967
JARFXW010000010.1
18069 18211
18312 18454
33413 36568
65980 66193
66294 66410
285391 289228
289329 297782
298763 301541
302549 302624
302725 302790
318324 318626
JARFXW010000091.1
219 271
19996 20585
JARFXW010000092.1
32368 32546
40740 41003
42034 42578
46396 47182
JARFXW010000093.1
1 1688
2721 2780
5569 5755
JARFXW010000094.1
1 441
1545 2689
JARFXW010000095.1
974 1085
1186 1345
1885 2334
2435 3199
6290 6343
6444 6513
JARFXW010000096.1
1 106
5243 5327
JARFXW010000097.1
1 5612
JARFXW010000098.1
516 1681
JARFXW010000099.1
1 141
JARFXW010000100.1
1 2124
