CM057397.1
1 90
35565 35667
35768 46974
61072 61291
138952 146721
190719 190792
190893 191010
218355 226672
237961 247670
254565 254973
286493 287038
299978 303143
330019 332247
332348 337027
349746 359587
359688 359756
386723 388208
392944 397942
462909 463121
472044 474706
477412 478605
507971 511770
511871 512001
563671 564017
595032 595214
690640 690896
690997 691157
973977 974028
974129 974251
976157 976537
1024474 1024803
1112238 1115863
1123647 1131694
1193765 1194087
1233649 1238822
1262501 1262664
1262765 1262854
1278884 1278980
1317369 1317593
1346095 1346175
1346276 1346392
1409281 1409357
1409458 1409529
1422179 1448130
1454182 1454706
1456225 1457638
1457739 1457848
1487621 1489108
1532090 1536953
1541544 1541717
1544715 1552582
1574587 1575008
1586185 1590017
1610319 1611657
1611758 1613781
1651092 1667657
1667758 1667813
1688713 1689176
1721747 1726357
1731803 1731921
1732022 1732135
1754084 1758705
1891141 1891203
1891304 1891421
1951990 1952443
1988727 1988867
1992804 1993143
2058369 2058830
2076375 2076687
2077195 2077658
2163624 2170228
2253918 2254204
2519270 2539375
2576637 2576716
2576817 2576890
2684136 2684427
2716754 2716897
2716998 2717112
2745517 2745653
3058767 3058860
3058961 3108305
3146913 3150081
3153519 3156438
3236585 3236768
3254310 3254602
3321718 3330559
3354223 3355329
3363249 3363383
3368570 3369528
3377691 3378392
3378493 3390314
3467509 3468923
3483211 3488373
3500306 3517201
3519324 3520166
3536066 3537604
3575059 3575125
3575226 3575359
3626922 3627259
3643506 3647546
3647647 3660104
3673110 3679509
3679687 3684906
3698504 3703215
3703316 3705413
3705514 3707551
3715814 3716786
3837251 3837806
3862005 3870869
3870970 3890313
3913891 3913988
3914089 3914294
3977865 3978067
3978168 3978277
4022562 4022759
4117304 4120768
4138057 4140339
4146238 4151211
4185986 4186283
4202602 4204423
4215448 4215660
4215761 4215872
4221143 4227137
4252887 4253442
4298170 4315457
4399750 4400270
4498406 4498506
4498607 4505637
4513822 4517908
4524744 4524995
4531617 4534271
4534372 4536077
4536178 4537576
4546872 4546987
4578507 4578602
4693350 4693424
4693525 4693581
4822314 4822380
4822481 4822560
4826371 4826564
4870540 4870643
4887735 4890651
4890725 4893571
4893797 4893847
4894025 4894871
4896376 4904244
4906584 4906978
4908395 4941339
4941600 4941847
4944194 4951344
4952253 4952317
4952527 4960347
4960448 4961757
4964121 4964369
4966451 4968921
4969022 4972240
4981506 4987816
4988057 4988300
4988401 4988494
4989593 4989763
4989864 4990357
4994133 4994520
5002660 5038842
5038943 5040009
5046014 5061085
5061186 5061326
5063530 5078889
5091574 5092470
CM057398.1
46645 49366
89005 91013
108259 108352
108453 108533
144121 149281
204918 204990
205091 205158
306721 306913
307014 307201
360033 361078
432044 432103
432204 432256
527274 527469
527570 527637
578470 578952
648711 649040
713366 713656
849871 850011
1066510 1142314
1159696 1163595
1165455 1166273
1173961 1175678
1228385 1236333
1240575 1243901
1291510 1291754
1301826 1301899
1302000 1302151
1305700 1305775
1305876 1305952
1314006 1314125
1315401 1315505
1318769 1319053
1336368 1336749
1351033 1352023
1396217 1398064
1456870 1457037
1584988 1585113
1627873 1630476
1701556 1701661
1814173 1814726
1844276 1846677
1877286 1877523
1877624 1877741
1879322 1882780
2010852 2011068
2061448 2067790
2078612 2096786
2102817 2106276
2115894 2126328
2135829 2139772
2139873 2147093
2147194 2149914
2174307 2198955
2204971 2206469
2219010 2221259
2235797 2242899
2243000 2249880
2249981 2252213
2252619 2252832
2265029 2265423
2265679 2266658
2266759 2266983
2279521 2279779
2292019 2293220
2313665 2313990
2377005 2377071
2377172 2377276
2440044 2443078
2525312 2533740
2583181 2583631
2612074 2615556
2618192 2632846
2635102 2635441
2635542 2636870
2667438 2667673
2671242 2674514
2674615 2674883
2682418 2687138
2701161 2722262
2778764 2780212
2801170 2801387
2801814 2804121
2804222 2811221
2921635 2927223
2930945 2951633
2958240 2958588
2958689 2961984
2974120 2977001
2994532 2995095
3012344 3028336
3058462 3058755
3087257 3087628
3102918 3103360
3132575 3132843
3142331 3148758
3149813 3152688
3170461 3190000
3192938 3206590
3208753 3213174
3241773 3266289
3267779 3269201
3271159 3271760
3279648 3279923
3280024 3281674
3284277 3288196
3327678 3329300
3339869 3339952
3356370 3356555
3358911 3380415
3385122 3385237
3385338 3385593
3388213 3390915
3419607 3425700
3511008 3511270
3584624 3588511
3596703 3596778
3596879 3596962
3676190 3676309
3746247 3748373
3865157 3865386
3895291 3895353
3927871 3933366
3938882 3938964
3950008 3950260
3951158 3952632
3961119 3968330
3972405 3975578
3987816 3989911
4006294 4008237
4024753 4026304
4052646 4052925
4053026 4053215
4068478 4068699
4186107 4189141
4215299 4215436
4220029 4220187
4222927 4223775
4237029 4239972
4242753 4243358
4245252 4246013
4249543 4260324
4326934 4327046
4358371 4363771
4363876 4364256
4367138 4367272
4368874 4375060
4380252 4391401
4395276 4395615
4553781 4553887
4553988 4554042
4571224 4571300
4571401 4571464
4611557 4611697
4656924 4657014
4657115 4657283
4805072 4805287
4832253 4832443
4883917 4889127
4907037 4909493
4926811 4926948
5017273 5021399
5021500 5021693
5048376 5049086
5084383 5095711
5344098 5344155
5344256 5344450
5359890 5364061
5402894 5403264
5449609 5450094
5485667 5491626
5503858 5504119
5505696 5506291
5506392 5506686
5510318 5510371
5510472 5511822
5564933 5566232
5574943 5577861
5614351 5614436
5614537 5614632
5669167 5669429
5840735 5840841
5840942 5841035
5847331 5847399
5847500 5847587
5888822 5889033
6046980 6047146
6091515 6091597
6091698 6091816
6163190 6163284
6180481 6180889
6191779 6192098
6230172 6230293
6258264 6266984
6355526 6357392
6409007 6410257
6410358 6415144
6417269 6417325
6508798 6508993
6576389 6577397
6577495 6588727
6663571 6670683
6674292 6676322
6679945 6680078
6696836 6697200
6748467 6748553
6748654 6748709
6808616 6808733
6808834 6808883
6859827 6872094
6875252 6906351
6934737 6934895
6943213 6944349
6952520 6974624
6986558 6992151
6994916 6994980
6995081 6996358
7004897 7006445
7053280 7056617
7056900 7061114
7062566 7062686
7076644 7081319
7081732 7083301
7091794 7092037
7094441 7097697
7136435 7143018
7143119 7151735
7174370 7178811
7317838 7318746
7375161 7377038
7388327 7388496
7388597 7388775
7627938 7628146
7628247 7628300
7822228 7822345
7822446 7822559
7871716 7871904
7872005 7872067
7891863 7892765
7916704 7916829
7916930 7917063
7942296 7942424
7942525 7942597
7971205 7985076
8042089 8049983
8116525 8123123
8137471 8139567
8139949 8143951
8154153 8155007
8163847 8166727
8192030 8196848
8296505 8298987
8299088 8303162
8305315 8305576
8308258 8308693
8359832 8378272
8381800 8381876
8381977 8406515
8414871 8415078
8448293 8449129
8468370 8468489
8468590 8468693
8512888 8519938
8582798 8583338
8597037 8601539
8677867 8678406
8714368 8714618
8714719 8714828
8748635 8774818
8774919 8813458
8862818 8862958
8863059 8863295
8878225 8878928
8879844 8884251
8886970 8887046
8887147 8892115
8894239 8894584
8897353 8908639
8912441 8927639
8949889 8952095
8955459 8955612
9004322 9004692
9069270 9086670
9116737 9116832
9140159 9140818
9161650 9205284
CM057399.1
1 89
29613 37294
40377 41209
50578 52057
69866 70288
75462 75699
236863 239048
257513 257612
257713 257879
285800 286131
288326 290581
320280 322157
579756 597189
745718 745815
745916 746090
812562 843787
912053 912260
1169270 1169359
1169460 1169529
1206197 1206569
1235353 1235617
1235718 1235932
1312809 1313308
1364407 1364457
1364558 1364623
1461510 1461602
1461703 1461762
1486444 1486667
1523884 1525600
1625473 1625951
1687243 1690028
1773438 1776986
1823830 1824220
1827606 1827752
1845329 1849506
1878995 1887835
1962118 1962213
2024924 2025047
2278401 2278621
2351795 2366975
2371799 2373713
2390009 2390339
2418251 2418615
2500326 2500565
2522725 2522851
2541798 2541882
2541983 2542086
2728120 2738843
2738944 2738995
2770667 2775832
2795847 2807828
2808412 2816363
2845776 2849171
2889932 2890185
2903067 2903223
2903324 2903418
2904179 2904616
3053801 3053850
3053951 3054081
3221616 3221733
3221834 3221921
3274574 3274822
3274923 3275061
3425564 3425769
3425870 3426031
3439152 3439261
3570151 3570322
3585449 3585508
3585609 3585685
3622774 3625213
3671839 3672063
3672767 3673056
3673157 3673282
3803877 3811402
3823332 3824035
3834227 3834642
3851290 3852652
3859183 3860324
3861604 3861744
3862347 3862857
3863367 3863479
3866929 3867064
3903174 3911533
3917570 3919018
3945735 3945927
3979371 3985319
3988987 3989442
3996455 3997175
4005520 4006046
4019755 4019956
4033654 4033868
4058039 4059217
4313619 4313742
4341273 4342149
4391707 4393347
4402624 4409026
4421204 4422766
4476064 4476578
4484393 4484616
4530831 4530940
4532237 4532678
4550136 4550188
4552209 4553863
4558683 4559114
4601041 4609984
4612348 4614764
4670699 4670754
4672155 4680116
4701330 4704956
4705057 4705145
4814780 4814969
CM057400.1
1094 2967
10099 44071
46401 46881
48729 49254
49355 59434
59535 119470
121999 122349
133124 134239
244965 245586
249190 249305
251192 254078
279673 287212
287313 291478
401322 402342
414798 414976
453707 453842
682301 692336
699091 703459
724867 725074
726431 726533
726634 726695
820167 820545
822725 832451
832552 832944
872992 873234
910150 910222
910323 910543
921951 922752
1091180 1091288
1091389 1097172
1097449 1109498
1122882 1122954
1147366 1147554
1155995 1156173
1156274 1156370
1185492 1185632
1232891 1233101
1257604 1257862
1257963 1258035
1266392 1266633
1267397 1267741
1498108 1498495
1501867 1502314
1612351 1613512
1616022 1616162
1762110 1762491
1800587 1801403
1825009 1825232
1860477 1869931
1876899 1877572
1879943 1881948
1946822 1951777
1964913 1965005
1965106 1965164
1967691 1993390
2018155 2028491
2042290 2053549
2134664 2149919
2171439 2172008
2175658 2175888
2176779 2177078
2177625 2178569
2233003 2234953
2236985 2259615
2279974 2280090
2318542 2318997
2407607 2407836
2468764 2469674
2486875 2487859
2514384 2518704
2569082 2572130
2580954 2597487
2614091 2617927
2655422 2656370
2754162 2755064
2760188 2762959
2779841 2785176
2785277 2792300
2793953 2795673
2827212 2833800
2844125 2847978
2848079 2849274
CM057401.1
403 483
879 1055
46383 46969
107218 107338
189365 189592
225238 225343
225444 225612
276550 276661
276762 276849
282807 282903
283004 283098
335831 335922
336023 336239
375688 375804
579719 586127
590377 591749
592154 592330
594723 595539
598628 599421
608167 612233
612334 612477
658599 660551
662468 663599
668277 674607
696098 702715
712046 712218
736690 750826
778780 779068
779208 790596
814147 814630
851289 852507
868156 868582
871964 901778
901879 909747
943639 944183
959297 961024
1010788 1011513
1065844 1065972
1066073 1066187
1136064 1136175
1235604 1235714
1235815 1235927
1249866 1250238
1253717 1265360
1346037 1348112
1401647 1403377
1617327 1617557
1635521 1638419
1674601 1675991
1679333 1681695
1858177 1858397
1884019 1884131
1931612 1937701
1938570 1943819
1944681 1972451
1972987 1976193
1976271 1985422
1985523 2003114
2003818 2005055
2005381 2006923
2008240 2008353
2009069 2010043
2096001 2097367
2136693 2137094
2148540 2148770
2173893 2173970
2174071 2174177
2195035 2195605
2198192 2198444
2198545 2198632
2239260 2239394
2246303 2247342
2255367 2255660
2260444 2271757
2272100 2276330
2285322 2285640
2484236 2484316
2484417 2492240
2516858 2529001
2543711 2545449
2594449 2608212
2609967 2610060
2630174 2630281
2639690 2643657
2654020 2666673
2690988 2691134
2691235 2691300
2834259 2834388
2834489 2834689
2899961 2900205
2967197 2967284
2967385 2967497
2973910 2973991
2974092 2974211
2996352 2996405
3036802 3039815
3058778 3062475
3263277 3265262
3302016 3309208
3344095 3345044
3500888 3504551
3547695 3550570
3554551 3560741
3568802 3579558
3587275 3588264
3639169 3639268
3651154 3658261
3658362 3658522
3719352 3720629
3779702 3791843
3794441 3794548
3802678 3806170
3808686 3808908
3824681 3825821
3839644 3867960
3868173 3877971
3897095 3897168
3919837 3923640
3923731 3924627
4074501 4074641
4103830 4104037
4104138 4104229
4170177 4170659
4170760 4170930
4218968 4219333
4274424 4277168
4463144 4463298
4508304 4508543
4537426 4537572
4537673 4538015
4568454 4569199
4689873 4690288
4721353 4721695
4733336 4733464
4837902 4838042
4890595 4892567
4908185 4917379
4917480 4921131
4951465 4951748
4982717 4995564
5052873 5052942
5053043 5053131
5079544 5079867
5199687 5200092
5233081 5233591
5245495 5252808
5290930 5291177
CM057402.1
1 9944
14939 22521
23821 60464
66374 75273
78369 79505
88340 89941
137197 137264
137365 140550
155343 155431
176099 177620
229779 240447
256076 256219
256320 256460
261755 281246
321146 322311
401325 403129
411975 412155
432323 444497
479693 479805
611163 611536
680296 682660
736458 742426
749923 750304
751109 761976
768958 769312
798547 800274
865450 865575
976711 980421
995237 998781
1031142 1031284
1031385 1031658
1044569 1058080
1067044 1067787
1092794 1095145
1095977 1118071
1118391 1118458
1166872 1166980
1167081 1167326
1249259 1249391
1249492 1249600
1266710 1273703
1273804 1284895
1285340 1353961
1433954 1434083
1434184 1434317
1468114 1468184
1468285 1468518
1626714 1634077
1652224 1652655
1652756 1652950
1828195 1832874
1834224 1839036
1861375 1863902
1874858 1887160
1906965 1921450
1932059 1955646
1960547 1961049
1975440 1975501
1987784 1987920
2058500 2065347
2065734 2065785
2082984 2086685
2123397 2126041
2126670 2131798
2132204 2135207
2157510 2162474
2171982 2172441
2179834 2180390
2187042 2197443
2206021 2209660
2217545 2246166
2253826 2273036
2281593 2281659
2281760 2289066
2321403 2323833
2334122 2335388
2338428 2341943
2349587 2349791
2380758 2399991
2412935 2415552
2415653 2415778
2422450 2424682
2449601 2449660
2454255 2454308
2454409 2454626
2456526 2456593
2456694 2456791
2559787 2559877
2559978 2560190
2599782 2599894
2599995 2600067
2719787 2720036
2800049 2800189
3151491 3152750
3187247 3187450
3200921 3201233
3259557 3259635
3259736 3259790
3289479 3290816
3316089 3316224
3316325 3316398
3596533 3596651
3644449 3644644
3644745 3644867
3760290 3760504
3772321 3779847
3844367 3844548
3948093 3950204
3950305 3958303
3972797 3973327
3976833 3977250
4002636 4003478
4007308 4021234
4088594 4088814
4111479 4111880
4159703 4159799
4159900 4159981
4188471 4189157
4205600 4206352
4207884 4208218
4224062 4224699
4263081 4263566
4270499 4282066
4291674 4295323
4298914 4301517
4301618 4302028
4308950 4310372
4333786 4333929
CM057403.1
1 245
155579 156882
179926 180040
188728 188972
189073 189235
207202 213803
226280 229036
277732 278040
315926 316103
316204 319026
351615 352222
364596 391553
412226 413979
449970 467052
473291 473912
478394 480866
489756 490708
494654 494740
499144 501879
557589 557871
559115 562113
570732 575589
595885 596542
622897 626582
626683 638771
815088 815263
815364 815427
937655 937785
937886 937959
954913 955288
968539 968960
969531 969599
969700 969974
983363 992309
992534 993412
994108 994248
1036738 1036848
1044742 1044812
1289354 1290444
1291216 1291919
1293942 1295931
1296338 1311089
1313904 1315400
1315501 1328841
1330781 1375668
1500418 1502317
1526819 1526894
CM057404.1
1 3042
6137 7905
8006 27533
27634 31346
33538 33820
47422 47776
107382 108593
109180 110602
153482 153732
168422 168701
220417 248327
273471 273598
278516 280078
280179 280319
289439 302762
334366 334720
335264 336000
345309 352635
373408 373547
408688 408955
424391 424448
437032 437219
457792 458693
517631 517692
537442 537497
575766 576001
629952 630384
631794 631963
673771 673833
673934 674207
682725 697916
698017 713327
713533 714084
774325 774436
774537 774625
789522 789856
861480 862393
899929 900122
918270 920439
926449 936470
956741 962531
997551 997839
1039317 1039437
1039538 1054472
1056738 1056878
1060730 1061786
1061887 1089182
1090698 1090838
1091966 1092106
1101827 1102011
1106424 1131971
1132072 1132252
1143447 1157825
1157926 1161835
1210297 1210599
1210700 1213066
JARFXW010000011.1
1 8691
8792 13903
14004 42653
42754 45621
45722 46939
47040 60742
JARFXW010000101.1
567 8070
JARFXW010000102.1
1 1615
JARFXW010000103.1
1 141
1798 1938
JARFXW010000104.1
JARFXW010000105.1
1 1289
JARFXW010000106.1
JARFXW010000107.1
JARFXW010000108.1
1 3178
JARFXW010000109.1
1 6189
JARFXW010000110.1
1 1259
JARFXW010000012.1
12709 27547
36052 41874
81005 81235
JARFXW010000111.1
1 1484
JARFXW010000112.1
1 1100
JARFXW010000113.1
1611 2105
JARFXW010000114.1
1 15980
JARFXW010000115.1
1 1611
JARFXW010000116.1
1 1324
JARFXW010000117.1
1 1605
JARFXW010000118.1
1 64
JARFXW010000119.1
1 1026
JARFXW010000120.1
1 1013
JARFXW010000013.1
1 1406
1507 9510
9611 11596
12142 16126
16227 17435
17536 19142
19243 21350
22570 24719
24820 30689
30790 34799
JARFXW010000121.1
1 437
JARFXW010000122.1
1 25936
JARFXW010000123.1
1 3533
JARFXW010000124.1
1 7660
JARFXW010000125.1
JARFXW010000126.1
950 2640
JARFXW010000127.1
1 1135
JARFXW010000128.1
1 2006
JARFXW010000129.1
1 1120
JARFXW010000130.1
1 2661
JARFXW010000014.1
25557 25664
JARFXW010000131.1
1 5566
JARFXW010000132.1
JARFXW010000133.1
1 139
997 1871
JARFXW010000134.1
1704 3445
JARFXW010000135.1
1 6758
JARFXW010000136.1
1 1090
JARFXW010000137.1
1 1642
JARFXW010000138.1
1 130
1158 1220
JARFXW010000139.1
1 1719
JARFXW010000140.1
1 1643
JARFXW010000015.1
18919 19099
23744 23815
23916 24065
28576 30240
JARFXW010000141.1
1 4400
6710 9777
JARFXW010000142.1
1 1917
JARFXW010000143.1
1 1237
JARFXW010000144.1
1 1670
JARFXW010000145.1
1 1621
JARFXW010000146.1
1 1346
JARFXW010000147.1
1 1242
JARFXW010000148.1
1 1021
JARFXW010000149.1
1 1062
JARFXW010000150.1
1 2172
JARFXW010000016.1
1 4051
6423 18452
18553 33392
33493 63080
JARFXW010000151.1
JARFXW010000152.1
JARFXW010000153.1
1 1777
JARFXW010000154.1
JARFXW010000155.1
1 26682
JARFXW010000156.1
4664 4748
JARFXW010000157.1
1 1908
JARFXW010000158.1
1 2962
JARFXW010000159.1
1 1192
JARFXW010000160.1
1 1150
JARFXW010000017.1
1 12990
JARFXW010000161.1
1475 1601
JARFXW010000162.1
1 1451
JARFXW010000163.1
1 1138
JARFXW010000164.1
1 973
JARFXW010000165.1
1 1242
JARFXW010000166.1
1 3020
JARFXW010000167.1
1 1142
JARFXW010000168.1
1 2836
JARFXW010000169.1
1 300
JARFXW010000170.1
1 1523
JARFXW010000018.1
1 4086
4187 6317
6944 9528
JARFXW010000171.1
1 1193
JARFXW010000172.1
1 3161
JARFXW010000173.1
1 1572
JARFXW010000174.1
1 1420
JARFXW010000175.1
1 1305
JARFXW010000176.1
1 4223
JARFXW010000177.1
1 8214
JARFXW010000178.1
1 1615
JARFXW010000179.1
1 2001
JARFXW010000180.1
1 1610
JARFXW010000019.1
1 2296
2397 3948
4858 4998
JARFXW010000181.1
1 1148
JARFXW010000182.1
1 2102
JARFXW010000183.1
1 130
JARFXW010000184.1
1 2866
JARFXW010000185.1
1 2091
JARFXW010000186.1
1 3362
JARFXW010000187.1
1 2115
JARFXW010000188.1
1 1488
JARFXW010000189.1
1 10984
JARFXW010000190.1
1 1520
JARFXW010000020.1
1 2103
2428 2498
3704 4081
4182 62202
JARFXW010000191.1
1 1302
JARFXW010000192.1
1 1633
JARFXW010000193.1
1 424
651 1451
JARFXW010000194.1
1 1098
JARFXW010000195.1
1 1359
JARFXW010000196.1
1 1898
JARFXW010000197.1
1 3292
JARFXW010000198.1
1 3263
JARFXW010000199.1
1 16928
JARFXW010000200.1
1 1205
JARFXW010000021.1
1 3361
19875 82975
JARFXW010000201.1
1 2039
2868 2931
JARFXW010000202.1
1 1766
JARFXW010000203.1
1 64
1431 1517
JARFXW010000204.1
1 736
2694 5965
JARFXW010000205.1
1 1061
JARFXW010000206.1
1 14297
JARFXW010000207.1
1 752
JARFXW010000208.1
1 1004
JARFXW010000209.1
1 1892
JARFXW010000210.1
1 1555
JARFXW010000022.1
1 2553
2751 4192
JARFXW010000211.1
1 1772
JARFXW010000212.1
1 1214
JARFXW010000213.1
1 1199
JARFXW010000214.1
1 1073
JARFXW010000215.1
1 141
4884 5024
JARFXW010000216.1
JARFXW010000217.1
1 1339
JARFXW010000218.1
1 1067
1329 1722
JARFXW010000219.1
1 2374
JARFXW010000220.1
1 2003
JARFXW010000023.1
1 2458
2559 11484
13343 24128
JARFXW010000221.1
1 1185
JARFXW010000222.1
1 1269
JARFXW010000223.1
1 1345
JARFXW010000224.1
1 3358
JARFXW010000225.1
1 3940
JARFXW010000226.1
1 2420
JARFXW010000227.1
9845 90786
100688 100804
112030 112153
116245 116446
JARFXW010000228.1
1 1268
JARFXW010000229.1
1 1141
JARFXW010000230.1
JARFXW010000024.1
1 1877
1978 12886
JARFXW010000231.1
1 1154
JARFXW010000232.1
1 1040
JARFXW010000233.1
1 10233
11082 18590
JARFXW010000234.1
5523 5662
JARFXW010000235.1
1 7678
JARFXW010000236.1
1 2720
JARFXW010000237.1
1 6667
JARFXW010000238.1
1 1110
JARFXW010000239.1
1 1491
JARFXW010000240.1
1 1266
JARFXW010000025.1
1 1286
1387 9732
9833 13813
JARFXW010000241.1
1 4114
JARFXW010000242.1
1 1471
JARFXW010000243.1
1 1047
JARFXW010000244.1
1 1387
JARFXW010000245.1
1 1360
JARFXW010000246.1
1 8986
9536 10001
JARFXW010000247.1
651 1415
JARFXW010000248.1
1 1087
JARFXW010000249.1
1 1121
JARFXW010000250.1
1 3642
JARFXW010000026.1
1 1378
1479 6556
6657 9436
JARFXW010000251.1
1 1383
JARFXW010000252.1
1 8541
8615 8683
JARFXW010000253.1
291 2047
JARFXW010000254.1
1 2019
JARFXW010000255.1
1 198
869 1019
JARFXW010000256.1
1 106
611 1352
JARFXW010000257.1
1 2013
JARFXW010000258.1
JARFXW010000259.1
1 3559
JARFXW010000260.1
1 4164
JARFXW010000027.1
1 192
4748 5562
JARFXW010000261.1
1 1496
JARFXW010000262.1
JARFXW010000263.1
1956 2096
JARFXW010000264.1
1 2844
8735 10304
JARFXW010000265.1
1 141
JARFXW010000266.1
1 1838
JARFXW010000267.1
1 1590
2066 2239
JARFXW010000268.1
735 1139
JARFXW010000269.1
1 2097
JARFXW010000270.1
1 1414
JARFXW010000028.1
1 18561
JARFXW010000271.1
1 1232
JARFXW010000272.1
1 1021
JARFXW010000273.1
1 2760
JARFXW010000274.1
1 1033
JARFXW010000275.1
1 1401
JARFXW010000276.1
1 1200
JARFXW010000277.1
1 1339
JARFXW010000278.1
1 1321
JARFXW010000279.1
1 24914
JARFXW010000280.1
1 8408
JARFXW010000029.1
3749 4082
4183 9037
10252 14998
15099 34915
JARFXW010000281.1
1 1422
JARFXW010000282.1
1 1464
JARFXW010000283.1
1 1787
JARFXW010000284.1
1 1537
JARFXW010000285.1
1 1206
JARFXW010000286.1
1 1106
JARFXW010000287.1
1 2000
JARFXW010000288.1
1 2217
JARFXW010000289.1
1 3465
4803 5093
JARFXW010000290.1
1 3971
JARFXW010000030.1
1 8573
8674 44709
44810 50930
51031 55074
JARFXW010000291.1
1 2864
JARFXW010000292.1
1 4346
JARFXW010000293.1
1 1279
JARFXW010000294.1
1 2215
JARFXW010000295.1
1 1669
JARFXW010000296.1
1 1526
JARFXW010000297.1
1 1415
JARFXW010000298.1
1 1806
JARFXW010000299.1
1 1233
JARFXW010000300.1
1 1370
JARFXW010000031.1
1 38703
44160 44228
44329 46685
JARFXW010000301.1
1 3055
JARFXW010000302.1
1 1007
JARFXW010000303.1
1 2014
JARFXW010000304.1
1 1873
JARFXW010000305.1
1 1933
JARFXW010000306.1
1 1889
JARFXW010000307.1
1 4522
JARFXW010000308.1
1 141
707 1084
JARFXW010000309.1
1 1134
JARFXW010000310.1
1 3222
JARFXW010000032.1
1 21983
22984 64965
65294 68698
69388 75942
95537 95831
JARFXW010000311.1
1 1627
JARFXW010000312.1
1 1708
4426 5141
JARFXW010000313.1
1 1049
JARFXW010000314.1
JARFXW010000315.1
1 3113
JARFXW010000316.1
1 1483
JARFXW010000317.1
1 1073
JARFXW010000318.1
1 1258
4215 5831
JARFXW010000319.1
1 1148
JARFXW010000320.1
1 1298
JARFXW010000033.1
2265 2368
JARFXW010000321.1
JARFXW010000322.1
1 6110
JARFXW010000323.1
1 1042
JARFXW010000324.1
1 2095
JARFXW010000325.1
1 1391
JARFXW010000326.1
1 5530
JARFXW010000327.1
1 5269
JARFXW010000328.1
1 3852
JARFXW010000329.1
1 1851
JARFXW010000330.1
1 1429
JARFXW010000034.1
1 16397
16498 55400
55501 57146
57247 60445
JARFXW010000331.1
1 1055
JARFXW010000332.1
1 1371
JARFXW010000333.1
1 5835
JARFXW010000334.1
1 4436
JARFXW010000335.1
1 3949
6553 8105
JARFXW010000336.1
1 1004
JARFXW010000337.1
1 1131
JARFXW010000338.1
1 1491
JARFXW010000339.1
1 1146
JARFXW010000340.1
569 1154
JARFXW010000035.1
1 1109
3064 4062
JARFXW010000036.1
1 1160
1261 10710
11491 18184
18285 19278
20247 20426
24561 24660
JARFXW010000037.1
1 1372
2852 3171
4860 5000
20957 21025
21126 26105
32558 34134
JARFXW010000038.1
1 1018
1119 19242
20023 21112
21486 26311
26412 30001
30102 31189
31290 32631
JARFXW010000039.1
1 6559
6660 6801
10327 24921
25022 26956
27057 29056
29157 31258
31359 32808
32909 33881
34026 35064
35165 36608
36709 38557
38658 40474
40575 41729
41830 44778
44879 46682
46783 48484
48585 50113
51965 52111
JARFXW010000040.1
1 18166
18344 29161
29262 43404
JARFXW010000041.1
1 3399
3500 36001
39904 40957
41058 42177
42278 42817
JARFXW010000042.1
1 1579
1680 3574
3675 5204
5305 7568
JARFXW010000043.1
1 8327
8428 14555
14656 20930
21031 25114
25215 28732
28833 38891
38992 42033
JARFXW010000044.1
1 6658
JARFXW010000045.1
1 11248
JARFXW010000046.1
4985 5596
5697 6696
6797 7916
JARFXW010000047.1
1 3193
3294 7517
7618 21218
JARFXW010000048.1
1 21978
JARFXW010000049.1
1 369
3423 3691
4842 4987
5088 7220
7321 10161
10262 11105
JARFXW010000050.1
1 1445
JARFXW010000051.1
1 4357
5900 6960
7061 9580
JARFXW010000052.1
287 923
8454 8539
9944 11394
JARFXW010000053.1
1 1478
JARFXW010000054.1
1 4246
4347 12278
JARFXW010000055.1
1 17008
JARFXW010000056.1
1 4620
JARFXW010000057.1
1 4749
JARFXW010000058.1
1 2366
4018 9932
JARFXW010000059.1
1 3508
JARFXW010000060.1
1 51124
51703 56081
JARFXW010000061.1
1 64750
67804 68017
JARFXW010000062.1
1 107
455 32645
JARFXW010000063.1
1 1358
2431 2856
JARFXW010000064.1
1 6867
JARFXW010000065.1
1 4782
JARFXW010000066.1
1 10196
JARFXW010000067.1
567 1289
JARFXW010000068.1
1 2736
11212 14296
JARFXW010000069.1
1 301
1004 3805
JARFXW010000070.1
2038 2553
JARFXW010000071.1
JARFXW010000072.1
568 664
3249 3389
3974 4491
4592 7244
7345 10506
JARFXW010000073.1
1750 1823
2729 2819
5609 9507
11830 14177
JARFXW010000074.1
1 6306
JARFXW010000075.1
1 1249
1350 3264
3986 4776
JARFXW010000076.1
1 1404
3673 4398
4564 6735
7261 9559
JARFXW010000077.1
1 4307
4408 8875
JARFXW010000078.1
1 986
2310 17720
JARFXW010000079.1
1 8724
JARFXW010000080.1
1 8367
JARFXW010000009.1
1 271
8711 11862
17366 17898
21827 33144
65240 65291
87276 87638
92496 96876
126464 128947
197783 210346
211733 211823
215109 216263
227130 227182
231236 235268
248041 249895
252487 263390
268420 268685
274007 276238
309034 312272
318232 326415
336925 337389
341855 342089
358606 386931
387243 401348
JARFXW010000081.1
1 2104
2940 5919
6020 7708
JARFXW010000082.1
1 2658
JARFXW010000083.1
JARFXW010000084.1
1144 2426
JARFXW010000085.1
1 8258
JARFXW010000086.1
1 5020
5121 6506
6889 7105
JARFXW010000087.1
1 10096
JARFXW010000088.1
1 2464
2565 4414
4609 4854
4955 7181
JARFXW010000089.1
1 5447
JARFXW010000090.1
1 1036
1137 2967
JARFXW010000010.1
671 8030
9552 13608
18065 18211
18312 18450
22040 22173
27413 27603
33413 36528
65953 66193
66294 66415
107681 108707
122182 124413
190209 190443
285336 289228
289329 302624
302725 318626
JARFXW010000091.1
1 305
2196 20585
JARFXW010000092.1
1 36237
37709 42190
44513 49260
JARFXW010000093.1
1 499
1360 2780
3971 4441
JARFXW010000094.1
1 1444
1545 2689
JARFXW010000095.1
1 1085
1186 2334
2435 6343
6444 7705
JARFXW010000096.1
1 9732
JARFXW010000097.1
1 5612
JARFXW010000098.1
1 1681
JARFXW010000099.1
JARFXW010000100.1
1 2124
