CM057397.1
1 86
35591 35667
35768 46974
113914 114045
188905 190792
190893 195569
218355 226672
245946 246755
286491 287026
293093 295883
335771 337027
393836 394544
508286 510521
511686 511770
511871 512004
690673 690896
690997 691190
765273 765356
765457 765512
1112628 1115863
1123655 1131694
1262512 1262664
1262765 1262854
1278887 1278980
1346098 1346175
1346276 1346392
1409282 1409357
1409458 1409523
1418576 1424171
1424268 1434635
1434731 1450386
1452828 1453255
1457739 1457848
1532090 1532537
1586197 1590017
1611758 1615112
1629015 1630409
1649800 1667657
1667758 1667807
1731811 1731921
1732022 1732096
1988486 1988626
2058311 2058830
2163624 2170228
2253918 2254461
2440799 2450486
2512571 2513692
2519270 2539365
2562795 2564622
2576635 2576716
2576817 2576890
2637883 2638206
2716754 2716897
2716998 2717113
3058767 3058860
3058961 3063010
3066843 3159545
3236592 3236768
3282527 3282733
3360640 3369282
3377691 3378392
3378493 3390314
3473520 3480091
3483211 3488373
3508802 3513924
3575043 3575125
3575226 3575343
3643859 3647546
3647647 3659361
3703126 3703215
3703316 3703387
3705243 3705413
3705514 3705700
3862006 3870869
3870970 3890313
3913891 3913988
3914089 3914260
3977868 3978067
3978168 3978277
4022562 4022753
4117304 4120768
4148904 4151211
4215469 4215660
4215761 4215872
4252876 4256311
4496236 4496359
4498182 4498506
4524737 4527028
4534180 4534271
4535990 4536077
4546872 4546987
4693352 4693424
4822316 4822380
4822481 4822560
4826371 4826533
4870540 4870627
4890608 4890884
4894960 4896009
4897037 4898323
4899355 4901971
4903277 4904072
4905139 4906218
4908966 4917687
4918403 4919382
4920707 4921454
4922546 4922656
4924654 4929427
4931297 4932790
4934390 4934496
4935336 4935403
4936633 4941940
4943158 4943234
4944286 4952815
4954791 4955696
4957708 4960347
4960448 4960543
4966210 4968921
4969022 4970369
4987444 4987816
4988057 4988300
4988401 4988496
4989864 4990057
5028621 5028674
5038943 5039703
5047376 5061085
5062407 5065488
5066654 5067197
5069049 5071540
5072299 5078881
5083681 5092470
CM057398.1
20411 20519
108453 108623
204902 204990
205091 205149
306721 306913
307014 307201
527256 527469
527570 527637
578877 578952
664538 664699
691528 691649
849871 850011
1067228 1068531
1071073 1074430
1075730 1078402
1080889 1081127
1082539 1082973
1084349 1088962
1090310 1091026
1098438 1099273
1104541 1112172
1113119 1114031
1116976 1117356
1117718 1117854
1122087 1124174
1125201 1125649
1126045 1126176
1127733 1129511
1131201 1131490
1133069 1133223
1135518 1135703
1136418 1137121
1140873 1141065
1142179 1142314
1246276 1247961
1301844 1301899
1302000 1302151
1305700 1305775
1305876 1305952
1351035 1351461
1396630 1397765
1398204 1398536
1400798 1405488
1456663 1456769
1456870 1456930
1629500 1629716
1701556 1701661
1814479 1814725
1877271 1877523
1877624 1877739
2058122 2067790
2080313 2080725
2102817 2104943
2120556 2134279
2139555 2139772
2139873 2140213
2146987 2147093
2187901 2189115
2204971 2206469
2230371 2232002
2232086 2242899
2243000 2249880
2249981 2250607
2252619 2252832
2266759 2266899
2279521 2279779
2527613 2533227
2577919 2583621
2635226 2635441
2635542 2635916
2666254 2669149
2674322 2674514
2674615 2674814
2679940 2682801
2701159 2710815
2716245 2723620
2737005 2738765
2777272 2778666
2801170 2804121
2804222 2804444
2939187 2949022
2976552 2977001
3014328 3016056
3060209 3060504
3102918 3103362
3143595 3148758
3201342 3216921
3217022 3237745
3271495 3273758
3280024 3280163
3284277 3286618
3358932 3374435
3385101 3385237
3385338 3385518
3419607 3441005
3464584 3464891
3596879 3597021
3676190 3676309
3746247 3748295
3972413 3975748
3991051 3992830
4007065 4008237
4025927 4026304
4052634 4052925
4053026 4053215
4219877 4219928
4220029 4220188
4326934 4327046
4358696 4363633
4367286 4375060
4379679 4391612
4395276 4395619
4432938 4433283
4553773 4553887
4553988 4554039
4571223 4571300
4571401 4571463
4611557 4611697
4656926 4657014
4657115 4657273
4832253 4832472
4883908 4889127
4926808 4926948
5021315 5021399
5021500 5021701
5034099 5034795
5087964 5088302
5277594 5279293
5344256 5344449
5485686 5491606
5505672 5506291
5506392 5508254
5510318 5510371
5510472 5511822
5521006 5521212
5540354 5540441
5574292 5574478
5614351 5614436
5614537 5614632
5840731 5840841
5840942 5841035
5847331 5847399
5847500 5847586
5888851 5889033
5889134 5889200
6046980 6047167
6091515 6091597
6091698 6091816
6230172 6230293
6355526 6357396
6410358 6410543
6508798 6508982
6663571 6669557
6679945 6680078
6808617 6808733
6808834 6808887
6832018 6832155
6875222 6906346
6962872 6968932
6973516 6974670
6986558 6992128
6994905 6994980
6995081 6995190
7053280 7056617
7056900 7061102
7095107 7097697
7136435 7143018
7143119 7151735
7176582 7178575
7388325 7388496
7388597 7388769
7627940 7628146
7822446 7822671
7871731 7871904
7872005 7872106
7891863 7892770
7916706 7916829
7916930 7917055
7942328 7942424
7942525 7942599
7971228 7985058
8116736 8116949
8120257 8120752
8230461 8230786
8296505 8298987
8299088 8303162
8304854 8305536
8327578 8327937
8359832 8360052
8381745 8381876
8381977 8387328
8394724 8402364
8468341 8468489
8468590 8468678
8582798 8583329
8630847 8631267
8714408 8714618
8714719 8714827
8726636 8727418
8748635 8774818
8774919 8812003
8862793 8862958
8863059 8863271
8878225 8884251
8885800 8886230
8886975 8887046
8888522 8892068
8894805 8895116
8901987 8902344
8919499 8921470
8921597 8927639
9004251 9004692
9037166 9037978
9069270 9075718
9116265 9116832
9116933 9120021
9189105 9205284
CM057399.1
1 89
50583 52057
257514 257612
290349 290616
320345 322558
437938 439930
580893 581127
592447 592713
596254 597189
743386 743742
745728 745815
745916 746079
912053 912260
912361 912503
1169270 1169359
1169460 1169529
1178666 1178889
1206397 1206569
1235417 1235617
1235718 1235911
1461509 1461602
1461703 1461762
1492519 1494116
1536491 1536776
1625594 1625951
1687242 1690321
1707426 1707631
1938495 1938908
1962118 1962213
2418251 2418712
2500346 2500574
2515330 2515771
2522725 2522851
2541798 2541882
2541983 2542086
2738944 2750115
2770608 2775824
2795704 2798009
2798404 2802432
2807352 2807828
2845868 2849176
2903079 2903223
2903324 2903418
3053951 3054053
3221646 3221733
3221834 3221921
3274574 3274822
3274923 3275061
3425566 3425769
3425870 3426031
3439158 3439261
3569983 3570050
3570151 3570334
3585449 3585508
3585609 3585685
3640417 3640734
3672767 3673056
3673157 3673279
3773455 3774087
3852168 3854532
3860425 3860565
3861604 3861744
3861833 3862857
3863367 3863482
3866924 3867064
3903174 3912341
3913203 3913484
3913938 3914821
3979371 3983865
3989069 3989973
4019755 4020504
4033654 4033868
4112057 4114877
4408131 4408716
4432619 4433078
4532237 4532812
4593853 4594089
4596767 4601548
4604948 4609984
4612348 4614764
4627990 4628651
4670699 4670754
4671156 4680116
4701026 4704956
4705057 4705145
CM057400.1
1 28374
42931 49254
49355 59434
59535 59626
110522 110779
114736 123013
141825 142532
253073 253550
279672 287212
287313 289411
453728 453842
726435 726533
726634 726695
820167 820435
822623 832451
832552 832943
872016 872499
910158 910222
910323 910539
1091180 1091288
1093234 1094891
1096804 1097362
1098911 1099395
1100511 1101193
1104751 1104902
1106876 1108668
1122882 1122966
1147366 1147513
1155962 1156173
1185492 1185632
1232891 1233085
1242922 1242993
1243094 1243162
1257532 1257862
1616263 1616403
1747465 1747939
1860456 1862169
1948723 1949474
1949819 1951777
1964913 1965005
1965106 1965164
1969203 1990213
1990607 1991942
2018155 2028424
2036940 2037470
2042290 2053391
2134665 2149919
2233003 2234953
2236985 2244380
2255236 2257520
2260202 2260809
2407607 2407836
2581502 2581922
2726356 2726805
2770677 2771323
2827212 2833800
2845280 2845624
2847925 2847978
2848079 2848147
2849088 2849274
CM057401.1
1 1681
45480 46969
107212 107338
225238 225343
225444 225611
276546 276661
276762 276849
282818 282903
283004 283098
335833 335922
336023 336237
375688 375804
582844 584797
591755 592648
598688 599323
608874 612233
612334 612446
649314 649861
750061 751834
778780 779219
782333 784731
863205 863556
871975 901778
901879 910625
960192 960782
1065845 1065972
1066073 1066187
1235602 1235714
1235815 1235864
1242872 1243662
1253952 1265360
1319753 1319829
1346037 1348112
1366244 1366518
1402054 1403323
1403741 1404129
1617327 1617557
1722532 1722751
1857915 1858076
1858177 1858309
1884019 1884122
1931240 1931974
1935589 1936021
1938789 1939731
1941564 1941690
1944278 1944419
1944797 1946739
1948431 1948792
1950672 1955923
1957072 1958845
1962798 1962978
1964383 1968040
1971396 1973689
1974453 1974874
1976494 1983829
1985297 1985422
1985523 1991569
1991906 1992240
1996899 1998265
2000676 2003121
2003461 2006974
2008189 2009942
2122318 2122456
2198271 2198444
2198545 2198632
2245809 2247279
2255297 2255472
2264413 2269359
2484234 2484316
2484417 2484582
2519222 2519496
2630174 2630279
2639690 2643659
2654011 2665499
2690972 2691134
2834301 2834388
2834489 2834693
2899961 2900175
2926416 2926607
2967197 2967284
2967385 2967496
2973917 2973991
2974092 2974157
2996165 2996251
2996352 2996428
3059414 3062444
3263290 3264713
3576165 3578378
3587275 3588264
3639169 3639262
3658118 3658261
3658362 3658498
3719519 3720623
3810900 3811689
3825677 3825821
3837328 3838494
3860656 3860776
3865816 3867960
3868183 3871517
3919883 3920209
3933922 3934150
4074501 4074641
4103830 4104037
4104138 4104215
4274423 4274933
4733565 4733693
4832811 4833129
4917214 4917379
4917480 4917679
4990803 4996542
5052873 5052942
5053043 5053131
5095870 5096117
5096225 5100035
5199235 5199680
5233081 5233591
5251039 5251344
5286249 5288120
5290904 5291177
CM057402.1
1 21231
107339 109631
139806 140302
256081 256219
256320 256465
263849 264326
265948 266428
269798 274740
278653 279470
401325 403591
613153 613506
736458 737885
739404 742426
749923 750304
751133 761976
770317 770684
997636 998781
1031063 1031284
1031385 1031579
1102201 1110045
1118023 1118458
1166908 1166980
1167081 1167286
1249262 1249391
1249492 1249600
1267272 1273703
1275984 1277362
1278388 1279392
1282304 1284149
1285948 1286256
1290293 1291824
1296454 1297030
1311166 1311354
1315373 1315806
1317592 1317876
1328265 1333126
1333209 1333273
1334391 1335492
1342427 1343453
1344679 1345279
1433957 1434083
1434184 1434305
1468114 1468184
1468285 1468518
1588633 1588840
1652224 1652655
1652756 1652950
1751958 1763186
1808289 1829614
1835617 1839036
1879298 1879802
1907057 1913026
1952206 1954934
2058502 2065347
2065734 2065811
2137680 2138242
2156266 2162798
2175581 2180988
2184815 2184868
2256499 2265405
2271805 2272339
2328671 2338327
2349433 2349486
2349587 2349789
2390779 2390875
2412936 2415552
2415653 2415801
2422450 2424697
2456526 2456593
2456694 2456782
2559788 2559877
2559978 2560190
2599786 2599894
2599995 2600072
2719111 2719737
2800049 2800189
3187247 3187450
3259572 3259635
3259736 3259810
3284600 3285102
3644461 3644644
3644745 3644874
3653735 3656475
3760290 3760504
3844363 3844548
3952112 3952186
3973051 3973339
4002636 4003377
4159703 4159799
4159900 4159981
4205463 4205928
4211465 4211739
4256580 4259032
4291674 4292159
4301176 4301517
4301618 4333929
CM057403.1
1 209
188756 188972
189073 189270
277766 278040
315935 316103
316204 316448
364578 366439
401065 401212
557589 557871
559115 562113
638499 638771
815065 815263
815364 816400
937655 937785
937886 937956
968539 968960
969531 969599
969700 969974
992779 994248
1044742 1044812
1287131 1288009
1289302 1290926
1292441 1295545
1301999 1303802
1305039 1305244
1306588 1308068
1309620 1309742
1310192 1310730
1315321 1315400
1317472 1317563
1321236 1321343
1323256 1323488
1325365 1326065
1331955 1332803
1333221 1333628
1334925 1337728
1340893 1341382
1344431 1348755
1351762 1352013
1353257 1353621
1355755 1355866
1357239 1357812
1358961 1361801
1363967 1366084
1369862 1374218
1526828 1526894
CM057404.1
16587 27533
27634 39184
80615 81241
107382 108593
109180 111030
207024 209205
220417 248327
273794 280078
280179 280319
301294 302762
316216 328142
334437 335866
346212 347694
436868 436931
437032 437227
575766 575991
673749 673833
673934 674187
693024 697916
698017 698138
699463 700828
702465 702611
705669 707370
708024 711036
774325 774436
774537 774625
955282 957046
966905 969442
976681 977267
1038559 1039437
1039538 1040158
1041258 1042196
1042479 1044417
1045040 1054472
1056738 1056878
1060730 1061786
1061887 1062259
1090698 1090838
1091966 1092106
1132072 1132193
1157726 1157825
1157926 1157977
1210513 1210599
1222661 1222722
JARFXW010000011.1
1 8691
8792 13903
14004 41789
42754 45621
45722 46939
47040 60742
JARFXW010000101.1
1 136
773 1358
1586 2171
2925 3807
5088 6595
6950 8070
JARFXW010000102.1
1 1615
JARFXW010000103.1
1 497
1439 1657
1788 1938
JARFXW010000104.1
1 1964
JARFXW010000105.1
1 1289
JARFXW010000106.1
1 1038
JARFXW010000107.1
1 2449
JARFXW010000108.1
1 3178
JARFXW010000109.1
1 6189
JARFXW010000110.1
1 1259
JARFXW010000012.1
41531 41874
JARFXW010000111.1
1 1484
JARFXW010000112.1
1 1100
JARFXW010000113.1
1 2105
JARFXW010000114.1
1 15980
JARFXW010000115.1
1 1611
JARFXW010000116.1
1 1324
JARFXW010000117.1
1 1605
JARFXW010000118.1
1 1221
JARFXW010000119.1
1 1026
JARFXW010000120.1
1 1013
JARFXW010000013.1
1 1406
1507 8891
10034 10874
15969 16126
17297 17435
21317 22469
24644 24719
24820 25943
30790 30905
34261 34799
JARFXW010000121.1
1 437
JARFXW010000122.1
1 25936
JARFXW010000123.1
1 3533
JARFXW010000124.1
1 7660
JARFXW010000125.1
1 200
1384 1668
JARFXW010000126.1
1 1199
JARFXW010000127.1
1 1135
JARFXW010000128.1
1 2006
JARFXW010000129.1
1 1120
JARFXW010000130.1
1 2661
JARFXW010000014.1
17821 17989
25557 25664
JARFXW010000131.1
1 5244
JARFXW010000132.1
1 1738
JARFXW010000133.1
1 1871
JARFXW010000134.1
1 3445
JARFXW010000135.1
1 1558
3427 6758
JARFXW010000136.1
1 1090
JARFXW010000137.1
1 1642
JARFXW010000138.1
1 3432
JARFXW010000139.1
1 1719
JARFXW010000140.1
1 652
1407 1643
JARFXW010000015.1
23749 23815
23916 28475
28576 37179
JARFXW010000141.1
1 9777
JARFXW010000142.1
1 1917
JARFXW010000143.1
1 1237
JARFXW010000144.1
1 565
1077 1670
JARFXW010000145.1
1502 1621
JARFXW010000146.1
1 1346
JARFXW010000147.1
1 501
JARFXW010000148.1
1 1021
JARFXW010000149.1
1 1062
JARFXW010000150.1
1 2863
JARFXW010000016.1
1 4032
4474 4610
5983 12075
14147 18452
18553 31591
32850 33392
33493 38561
39427 57849
58759 63080
JARFXW010000151.1
1 756
JARFXW010000152.1
485 1380
JARFXW010000153.1
1 1777
JARFXW010000154.1
1 5986
JARFXW010000155.1
1 26682
JARFXW010000156.1
1 2477
JARFXW010000157.1
1 1908
JARFXW010000158.1
1 2962
JARFXW010000159.1
1 1192
JARFXW010000160.1
1 1033
JARFXW010000017.1
1 1944
2359 5508
6056 12990
JARFXW010000161.1
1 1601
JARFXW010000162.1
1 1451
JARFXW010000163.1
1 1138
JARFXW010000164.1
1 1204
JARFXW010000165.1
1 1242
JARFXW010000166.1
1 3020
JARFXW010000167.1
1 1142
JARFXW010000168.1
1 2836
JARFXW010000169.1
1 300
JARFXW010000170.1
1 1523
JARFXW010000018.1
1 4086
4187 9528
JARFXW010000171.1
1 1193
JARFXW010000172.1
1 1033
2343 3161
JARFXW010000173.1
1445 1572
JARFXW010000174.1
1 1420
JARFXW010000175.1
1 1305
JARFXW010000176.1
1 4223
JARFXW010000177.1
1 8214
JARFXW010000178.1
1 186
908 1615
JARFXW010000179.1
321 2001
JARFXW010000180.1
1 1610
JARFXW010000019.1
1 373
1606 1677
2397 4998
JARFXW010000181.1
1 1148
JARFXW010000182.1
1 2102
JARFXW010000183.1
1 1502
JARFXW010000184.1
1 2866
JARFXW010000185.1
1 2091
JARFXW010000186.1
1 3362
JARFXW010000187.1
1 2115
JARFXW010000188.1
1 1488
JARFXW010000189.1
1 10984
JARFXW010000190.1
1 1520
JARFXW010000020.1
1 2100
2448 3551
3826 4081
4182 15774
25832 62202
JARFXW010000191.1
1 1302
JARFXW010000192.1
1 275
JARFXW010000193.1
1 103
462 1451
JARFXW010000194.1
1 1098
JARFXW010000195.1
1 1359
JARFXW010000196.1
1 1898
JARFXW010000197.1
1 3292
JARFXW010000198.1
1 3263
JARFXW010000199.1
1 16928
JARFXW010000200.1
1 1205
JARFXW010000021.1
1 11498
14349 22996
23433 27354
30185 30474
81704 82975
JARFXW010000201.1
761 2224
2572 2931
JARFXW010000202.1
1 914
JARFXW010000203.1
1 1517
JARFXW010000204.1
736 5965
JARFXW010000205.1
1 1061
JARFXW010000206.1
1 14297
JARFXW010000207.1
1 752
JARFXW010000208.1
1 369
JARFXW010000209.1
1 1892
JARFXW010000210.1
1 1555
JARFXW010000022.1
2751 4192
JARFXW010000211.1
1 1772
JARFXW010000212.1
1 1214
JARFXW010000213.1
1 1199
JARFXW010000214.1
JARFXW010000215.1
1 5024
JARFXW010000216.1
1 1825
JARFXW010000217.1
1 1339
JARFXW010000218.1
1 986
1231 1722
JARFXW010000219.1
1 2374
JARFXW010000220.1
1 2003
JARFXW010000023.1
1 2458
2559 9243
13875 24128
JARFXW010000221.1
1 1185
JARFXW010000222.1
1 1269
JARFXW010000223.1
JARFXW010000224.1
1 3358
JARFXW010000225.1
1 3940
JARFXW010000226.1
1 2420
JARFXW010000227.1
1 736
9365 26012
61844 69699
79322 82259
116266 116446
JARFXW010000228.1
1 1268
JARFXW010000229.1
1 1141
JARFXW010000230.1
1 1437
JARFXW010000024.1
1 970
1978 12886
JARFXW010000231.1
1 1154
JARFXW010000232.1
1 1040
JARFXW010000233.1
1 14108
15351 18590
JARFXW010000234.1
1 5519
JARFXW010000235.1
1 389
2064 7678
JARFXW010000236.1
1 2720
JARFXW010000237.1
1 6667
JARFXW010000238.1
1 1110
JARFXW010000239.1
1 1491
JARFXW010000240.1
1 631
JARFXW010000025.1
1 594
6873 9732
10375 13813
JARFXW010000241.1
1 4114
JARFXW010000242.1
1 1471
JARFXW010000243.1
1 1047
JARFXW010000244.1
1 206
526 1387
JARFXW010000245.1
1 1360
JARFXW010000246.1
1 10001
JARFXW010000247.1
665 1415
JARFXW010000248.1
1 1087
JARFXW010000249.1
1 1121
JARFXW010000250.1
1 3642
JARFXW010000026.1
9335 9436
JARFXW010000251.1
1 1383
JARFXW010000252.1
1 8683
JARFXW010000253.1
1 532
1085 2047
JARFXW010000254.1
1 2019
JARFXW010000255.1
1 204
JARFXW010000256.1
1 148
JARFXW010000257.1
1 2013
JARFXW010000258.1
1 696
JARFXW010000259.1
1 916
1950 2042
JARFXW010000260.1
1 4164
JARFXW010000027.1
1 205
JARFXW010000261.1
1 1496
JARFXW010000262.1
1 1246
JARFXW010000263.1
1 2096
JARFXW010000264.1
1 956
8735 9808
JARFXW010000265.1
1 1493
JARFXW010000266.1
369 1838
JARFXW010000267.1
1 1574
JARFXW010000268.1
1 1139
JARFXW010000269.1
1 2097
JARFXW010000270.1
1 1414
JARFXW010000028.1
1 7983
8075 20112
JARFXW010000271.1
1 1232
JARFXW010000272.1
1 1021
JARFXW010000273.1
1 2760
JARFXW010000274.1
1 1033
JARFXW010000275.1
1 1401
JARFXW010000276.1
1 1200
JARFXW010000277.1
1 1339
JARFXW010000278.1
1 1321
JARFXW010000279.1
1 24914
JARFXW010000280.1
1 8408
JARFXW010000029.1
1 4082
4183 14998
15307 15369
15495 33719
33869 33927
JARFXW010000281.1
1 1422
JARFXW010000282.1
1 1464
JARFXW010000283.1
1 1787
JARFXW010000284.1
1 1537
JARFXW010000285.1
1 1206
JARFXW010000286.1
1 1106
JARFXW010000287.1
1 2000
JARFXW010000288.1
1 2217
JARFXW010000289.1
1 5093
JARFXW010000290.1
1 3971
JARFXW010000030.1
1 8573
8674 44709
44810 50930
51031 51768
52063 55074
JARFXW010000291.1
1 2864
JARFXW010000292.1
1 4346
JARFXW010000293.1
1 1279
JARFXW010000294.1
1 2215
JARFXW010000295.1
1018 1669
JARFXW010000296.1
1 1526
JARFXW010000297.1
1 1415
JARFXW010000298.1
1 1806
JARFXW010000299.1
1 1233
JARFXW010000300.1
1 1370
JARFXW010000031.1
1 44228
44329 46685
JARFXW010000301.1
1 3055
JARFXW010000302.1
1 1007
JARFXW010000303.1
1 2014
JARFXW010000304.1
1 1873
JARFXW010000305.1
1 1933
JARFXW010000306.1
1 1889
JARFXW010000307.1
1 4522
JARFXW010000308.1
1 1084
JARFXW010000309.1
JARFXW010000310.1
1 3222
JARFXW010000032.1
1 182
274 977
2093 6157
6425 6590
8069 8509
11296 11433
12056 12288
13385 15788
16802 17670
23373 24642
25633 25991
27299 29677
30658 30713
31421 31484
31791 31901
37312 37777
38861 39604
43065 43734
45531 45972
47187 47288
51040 51822
52878 53135
60986 62493
63866 68150
71046 71150
71381 75544
113260 113339
JARFXW010000311.1
1 1627
JARFXW010000312.1
1 1708
4285 5141
JARFXW010000313.1
1 1049
JARFXW010000314.1
1 1721
JARFXW010000315.1
1 3113
JARFXW010000316.1
1 1483
JARFXW010000317.1
1 1073
JARFXW010000318.1
1173 5831
JARFXW010000319.1
1 1148
JARFXW010000320.1
1 1298
JARFXW010000033.1
JARFXW010000321.1
1 11203
JARFXW010000322.1
1 1552
4171 6110
JARFXW010000323.1
JARFXW010000324.1
1 2095
JARFXW010000325.1
1 1391
JARFXW010000326.1
1 5530
JARFXW010000327.1
1 5269
JARFXW010000328.1
1 3852
JARFXW010000329.1
1 1851
JARFXW010000330.1
1 1429
JARFXW010000034.1
13448 16397
16498 55400
55501 56907
57006 57146
60014 60179
JARFXW010000331.1
1 1055
JARFXW010000332.1
1 1371
JARFXW010000333.1
1 5835
JARFXW010000334.1
1 4436
JARFXW010000335.1
1 1198
1926 3949
6512 8105
JARFXW010000336.1
1 1004
JARFXW010000337.1
1 1131
JARFXW010000338.1
1 1491
JARFXW010000339.1
1 1146
JARFXW010000340.1
872 1154
JARFXW010000035.1
1 1109
1210 11683
JARFXW010000036.1
1 1160
1261 9105
10265 10710
14022 18184
20253 21548
22348 24660
JARFXW010000037.1
1 1372
1473 2631
5101 6726
6827 21025
23859 28785
30890 34134
JARFXW010000038.1
1 1018
1119 19922
20023 21112
21213 26311
30102 31189
31290 32631
JARFXW010000039.1
1 5232
6405 6559
6660 6991
7719 24921
25743 26956
27057 29056
29157 31258
31359 32479
32909 35064
35165 36608
36709 38557
40575 41729
41830 44778
47270 48484
48585 52111
JARFXW010000040.1
1 29161
29262 43404
JARFXW010000041.1
1 2697
2952 3399
3500 36001
39904 40957
41058 42177
42278 44782
JARFXW010000042.1
1 1579
3675 5204
5305 7568
JARFXW010000043.1
8205 8327
8428 9583
14656 15071
15174 17660
17753 18154
18660 20930
21031 25114
25215 28732
28833 36253
37318 38891
38992 39653
41935 42033
JARFXW010000044.1
699 6658
JARFXW010000045.1
1 11818
15361 17657
19257 20914
23788 24233
JARFXW010000046.1
5484 5596
7523 7916
JARFXW010000047.1
1 3193
3294 7517
7618 21218
JARFXW010000048.1
1 21978
JARFXW010000049.1
1 3322
3423 4987
5088 7220
7321 10161
10262 11915
JARFXW010000050.1
1 1445
JARFXW010000051.1
1 4346
5900 6960
7061 9580
JARFXW010000052.1
1 923
3476 7745
8456 8526
9944 11394
JARFXW010000053.1
1 1478
JARFXW010000054.1
1 3652
4347 12278
JARFXW010000055.1
1 5389
5725 5986
14751 17008
JARFXW010000056.1
1 140
2270 2374
4354 4539
JARFXW010000057.1
1 3403
3818 4749
JARFXW010000058.1
1 2366
2980 3917
4018 4802
6514 9917
10639 11708
12132 12272
JARFXW010000059.1
1 3071
JARFXW010000060.1
11198 11557
14660 15662
37896 41190
44155 44857
47357 47536
50291 50491
55989 56081
JARFXW010000061.1
1 71
4369 5413
14827 16106
23893 26962
36162 36616
42115 43842
45355 46868
49569 49756
51019 54173
56022 57401
59369 64345
67797 68017
JARFXW010000062.1
1 634
1186 13303
17678 18936
22642 32645
34998 35492
JARFXW010000063.1
1 1358
2441 2856
JARFXW010000064.1
1 6867
JARFXW010000065.1
847 3110
3532 4782
JARFXW010000066.1
10129 10196
JARFXW010000067.1
1 563
923 1289
1390 1643
2048 3103
JARFXW010000068.1
1 397
2837 7128
13922 14296
JARFXW010000069.1
1 3156
JARFXW010000070.1
1 2553
JARFXW010000071.1
1 1893
JARFXW010000072.1
1 1379
1480 3148
3249 4491
4592 7244
7345 10506
JARFXW010000073.1
1 1649
1750 2825
4059 9505
12235 14177
JARFXW010000074.1
1 6306
JARFXW010000075.1
1 125
2374 3264
3365 4776
JARFXW010000076.1
1 1404
1505 1671
6836 9559
9660 9778
11897 14750
JARFXW010000077.1
1 3004
4734 8875
JARFXW010000078.1
2295 2804
9635 9989
11253 12890
JARFXW010000079.1
1422 7496
7937 8724
JARFXW010000080.1
1 1153
2380 4260
7067 8367
JARFXW010000009.1
1 197
8743 9225
17366 17808
96124 96581
197783 208639
208746 211632
211733 214113
249611 249891
268429 268685
336571 386092
386171 401348
JARFXW010000081.1
1 714
948 5919
7047 7708
JARFXW010000082.1
1 933
2243 2658
JARFXW010000083.1
1 1162
JARFXW010000084.1
1144 2097
JARFXW010000085.1
882 8258
JARFXW010000086.1
1 91
1790 3809
4182 5020
5121 7105
JARFXW010000087.1
1 10095
JARFXW010000088.1
2565 4854
4955 7181
JARFXW010000089.1
1 190
319 420
2019 2270
JARFXW010000090.1
1 196
1137 1905
2749 2967
JARFXW010000010.1
65984 66193
66294 66414
122137 123452
190160 190443
207794 209092
285391 289228
289329 297782
302549 302624
302725 302777
318441 318626
JARFXW010000091.1
1 12002
12530 20585
JARFXW010000092.1
1711 41542
44416 49260
JARFXW010000093.1
1 2009
2881 4047
5017 5580
5851 6132
JARFXW010000094.1
1545 2689
JARFXW010000095.1
1186 2334
2435 6343
JARFXW010000096.1
1 4458
5329 9732
JARFXW010000097.1
1 5612
JARFXW010000098.1
1 984
JARFXW010000099.1
1 2649
7414 7554
JARFXW010000100.1
1397 1616
